desc: I1 cache:         65536 B, 64 B, 2-way associative
desc: D1 cache:         65536 B, 64 B, 2-way associative
desc: LL cache:         262144 B, 64 B, 8-way associative
cmd: ./3-3loc3 -v
events: Ir I1mr ILmr Dr D1mr DLmr Dw D1mw DLmw 
fl=/build/glibc-bQZRxl/glibc-2.23/csu/../csu/init-first.c
fn=_init
52 9 1 1 2 0 0 5 0 0
58 4 0 0 1 0 0 1 1 1
65 5 2 2 4 0 0 0 0 0
70 2 0 0 1 0 0 1 0 0
71 1 1 1 0 0 0 1 1 1
72 2 0 0 1 0 0 1 1 1
86 5 0 0 1 0 0 4 0 0
94 1 0 0 0 0 0 1 0 0
99 7 0 0 5 0 0 0 0 0
fl=/build/glibc-bQZRxl/glibc-2.23/csu/../csu/libc-start.c
fn=(below main)
134 9 1 1 1 0 0 5 0 0
138 9 2 2 2 0 0 2 0 0
220 2 0 0 0 0 0 0 0 0
221 6 0 0 0 0 0 4 0 0
243 5 0 0 3 0 0 0 0 0
246 2 0 0 1 0 0 0 0 0
247 8 1 1 6 0 0 5 0 0
251 5 0 0 3 0 0 0 0 0
266 2 0 0 0 0 0 0 0 0
278 4 1 1 0 0 0 2 0 0
279 3 0 0 0 0 0 0 0 0
284 2 0 0 1 0 0 1 0 0
285 2 0 0 1 0 0 1 0 0
288 2 0 0 0 0 0 1 0 0
291 8 0 0 6 0 0 4 0 0
325 3 0 0 0 0 0 2 0 0
fl=/build/glibc-bQZRxl/glibc-2.23/csu/../sysdeps/i386/i686/dl-hash.h
fn=_init
35 68 2 2 10 2 2 0 0 0
fl=/build/glibc-bQZRxl/glibc-2.23/csu/../sysdeps/unix/sysv/linux/i386/init-first.c
fn=_init
38 7 0 0 0 0 0 4 0 0
40 3 0 0 0 0 0 1 0 0
42 3 0 0 0 0 0 0 0 0
43 2 0 0 1 0 0 0 0 0
44 1 0 0 0 0 0 1 0 0
fl=/build/glibc-bQZRxl/glibc-2.23/csu/../sysdeps/unix/sysv/linux/i386/sysdep.c
fn=__syscall_error
27 38 1 1 0 0 0 19 0 0
28 38 0 0 0 0 0 19 0 0
30 38 0 0 19 0 0 0 0 0
fl=/build/glibc-bQZRxl/glibc-2.23/ctype/ctype-info.c
fn=__ctype_init
29 4 1 1 0 0 0 3 0 0
31 9 1 1 6 1 0 1 0 0
33 4 0 0 2 0 0 1 0 0
35 4 0 0 2 0 0 1 0 0
36 3 0 0 3 0 0 0 0 0
fl=/build/glibc-bQZRxl/glibc-2.23/elf/../elf/dl-sysdep.c
fn=_dl_sysdep_start
86 8 2 2 1 0 0 5 0 0
110 1 0 0 0 0 0 1 0 0
111 117 0 0 28 2 2 5 3 3
114 2 0 0 0 0 0 1 1 1
115 1 1 1 0 0 0 1 1 1
117 153 7 7 49 2 2 30 0 0
118 108 0 0 17 3 3 0 0 0
121 1 0 0 1 0 0 0 0 0
122 1 0 0 0 0 0 0 0 0
124 2 0 0 1 0 0 1 0 0
125 1 0 0 0 0 0 0 0 0
127 2 1 1 1 0 0 1 0 0
128 2 0 0 0 0 0 1 0 0
130 2 0 0 1 0 0 1 0 0
131 2 0 0 0 0 0 1 0 0
151 2 1 1 1 0 0 1 0 0
152 2 0 0 0 0 0 1 0 0
154 2 0 0 1 0 0 1 0 0
155 2 0 0 0 0 0 1 0 0
157 4 1 1 1 0 0 2 0 0
158 2 0 0 0 0 0 1 0 0
163 2 1 1 1 0 0 1 0 0
164 2 0 0 0 0 0 1 0 0
179 2 0 0 1 1 1 1 0 0
180 2 0 0 0 0 0 1 0 0
212 2 0 0 0 0 0 0 0 0
231 3 0 0 1 0 0 0 0 0
232 5 1 1 0 0 0 3 0 0
234 7 0 0 0 0 0 2 0 0
240 3 1 1 1 0 0 1 0 0
246 3 0 0 1 0 0 0 0 0
249 6 0 0 2 0 0 5 0 0
251 7 0 0 6 0 0 0 0 0
fn=_dl_sysdep_start_cleanup
256 1 1 1 1 0 0 0 0 0
fl=/build/glibc-bQZRxl/glibc-2.23/elf/../misc/sbrk.c
fn=sbrk
34 6 1 1 1 0 0 4 0 0
42 6 0 0 2 0 0 0 0 0
46 2 0 0 0 0 0 0 0 0
62 5 0 0 4 0 0 0 0 0
fl=/build/glibc-bQZRxl/glibc-2.23/elf/../string/bits/string2.h
fn=handle_ld_preload
961 181 1 1 45 0 0 0 0 0
962 139 0 0 0 0 0 0 0 0
963 89 0 0 0 0 0 0 0 0
fl=/build/glibc-bQZRxl/glibc-2.23/elf/../sysdeps/i386/dl-machine.h
fn=_dl_fixup
248 1 0 0 0 0 0 1 0 0
fn=_dl_relocate_object
71 24 0 0 8 0 0 0 0 0
77 6 1 1 6 1 0 0 0 0
81 9 0 0 3 2 2 0 0 0
86 3 0 0 0 0 0 3 0 0
94 9 0 0 3 0 0 0 0 0
96 3 0 0 3 0 0 0 0 0
102 20 1 1 16 1 0 0 0 0
107 6 0 0 0 0 0 3 0 0
283 104 0 0 0 0 0 0 0 0
286 213 0 0 0 0 0 5 0 0
303 208 0 0 0 0 0 0 0 0
312 4341 9 9 1014 88 87 878 0 0
313 522 2 2 226 0 0 108 0 0
315 12 2 2 0 0 0 0 0 0
316 392 2 2 98 0 0 0 0 0
322 521 0 0 208 5 5 0 0 0
332 324 2 2 162 0 0 81 0 0
364 32 1 1 0 0 0 4 0 0
376 6 0 0 0 0 0 3 0 0
384 15 0 0 3 0 0 6 0 0
415 56 1 1 14 0 0 0 0 0
416 84 0 0 42 5 5 14 0 0
423 36 1 1 27 4 3 0 0 0
440 18 1 1 4 0 0 7 0 0
585 16 1 1 0 0 0 8 0 0
614 2514 0 0 1257 0 0 0 0 0
615 1255 0 0 1255 128 128 0 0 0
635 22 0 0 11 0 0 0 0 0
636 22 1 1 11 1 1 0 0 0
638 22 0 0 0 0 0 0 0 0
640 32 0 0 16 0 0 0 0 0
641 8 0 0 8 0 0 0 0 0
646 6 0 0 0 0 0 0 0 0
693 6 1 1 0 0 0 0 0 0
695 9 1 1 9 0 0 0 0 0
696 9 0 0 3 0 0 0 0 0
697 3 0 0 0 0 0 3 0 0
fn=_dl_start
58 3 0 0 1 1 1 0 0 0
283 6 0 0 0 0 0 0 0 0
313 18 0 0 18 4 4 0 0 0
316 24 0 0 6 0 0 0 0 0
322 36 0 0 6 1 1 0 0 0
332 18 1 1 6 0 0 6 0 0
384 2 0 0 0 0 0 1 0 0
614 24 0 0 12 2 2 0 0 0
615 11 0 0 11 2 2 0 0 0
fn=_dl_sysdep_start
236 6 0 0 2 1 1 0 0 0
240 1 0 0 0 0 0 1 0 0
fl=/build/glibc-bQZRxl/glibc-2.23/elf/../sysdeps/i386/dl-procinfo.h
fn=_dl_important_hwcaps
70 4 0 0 2 0 0 0 0 0
fn=_dl_load_cache_lookup
100 4 1 1 0 0 0 0 0 0
101 12 0 0 0 0 0 0 0 0
103 32 0 0 8 0 0 12 0 0
fl=/build/glibc-bQZRxl/glibc-2.23/elf/../sysdeps/i386/dl-trampoline.S
fn=_dl_runtime_resolve
35 1 1 1 0 0 0 1 0 0
37 1 0 0 0 0 0 1 0 0
39 1 0 0 0 0 0 1 0 0
41 1 0 0 1 0 0 0 0 0
42 1 0 0 1 0 0 0 0 0
43 1 0 0 0 0 0 1 0 0
44 1 0 0 1 0 0 0 0 0
46 1 0 0 1 0 0 0 0 0
47 1 0 0 0 0 0 1 0 0
48 1 0 0 1 0 0 0 0 0
49 1 0 0 1 0 0 0 0 0
fl=/build/glibc-bQZRxl/glibc-2.23/elf/../sysdeps/i386/nptl/tls.h
fn=init_tls
178 1 0 0 0 0 0 1 0 0
180 1 0 0 0 0 0 1 0 0
182 1 1 1 0 0 0 1 0 0
190 1 0 0 0 0 0 1 0 0
fl=/build/glibc-bQZRxl/glibc-2.23/elf/../sysdeps/posix/dl-fileid.h
fn=_dl_map_object_from_fd
37 20 0 0 0 0 0 10 1 1
40 8 1 1 4 0 0 4 0 0
41 8 0 0 4 0 0 4 0 0
49 36 1 1 13 1 1 0 0 0
fl=/build/glibc-bQZRxl/glibc-2.23/elf/../sysdeps/unix/sysv/linux/dl-osinfo.h
fn=dl_main
77 1 0 0 1 0 0 0 0 0
fl=/build/glibc-bQZRxl/glibc-2.23/elf/../sysdeps/unix/sysv/linux/dl-sysdep.c
fn=_dl_discover_osversion
45 9 1 1 0 0 0 6 1 1
47 4 1 1 1 0 0 1 0 0
87 7 1 1 0 0 0 2 0 0
102 1 0 0 0 0 0 0 0 0
106 1 0 0 0 0 0 0 0 0
107 1 0 0 0 0 0 0 0 0
109 12 0 0 3 1 1 0 0 0
111 6 0 0 0 0 0 0 0 0
113 12 1 1 3 0 0 0 0 0
119 3 0 0 0 0 0 0 0 0
120 3 0 0 0 0 0 0 0 0
121 3 0 0 0 0 0 0 0 0
123 13 0 0 0 0 0 0 0 0
128 2 1 1 0 0 0 0 0 0
132 6 1 1 5 0 0 0 0 0
fn=_dl_sysdep_start
35 3 1 1 0 0 0 2 0 0
fl=/build/glibc-bQZRxl/glibc-2.23/elf/../sysdeps/unix/sysv/linux/dl-vdso.c
fn=_dl_vdso_vsym
26 5 1 1 0 0 0 3 0 0
27 2 0 0 2 0 0 0 0 0
28 1 0 0 0 0 0 0 0 0
31 2 0 0 0 0 0 0 0 0
49 4 1 1 3 0 0 0 0 0
fl=/build/glibc-bQZRxl/glibc-2.23/elf/../sysdeps/unix/sysv/linux/i386/brk.c
fn=brk
33 4 2 2 1 0 0 2 0 0
35 2 0 0 0 0 0 0 0 0
36 1 0 0 0 0 0 1 0 0
37 2 0 0 0 0 0 0 0 0
40 3 0 0 2 0 0 0 0 0
fl=/build/glibc-bQZRxl/glibc-2.23/elf/../sysdeps/x86/cpu-features.c
fn=init_cpu_features.constprop.0
30 5 0 0 0 0 0 3 0 0
33 1 0 0 0 0 0 1 0 0
34 5 0 0 0 0 0 1 1 1
35 4 0 0 0 0 0 1 0 0
36 3 1 1 0 0 0 0 0 0
37 2 0 0 0 0 0 0 0 0
42 2 0 0 0 0 0 1 0 0
46 7 1 1 0 0 0 5 0 0
62 4 0 0 0 0 0 1 0 0
65 10 1 1 0 0 0 0 0 0
69 2 0 0 0 0 0 2 0 0
74 3 0 0 1 0 0 1 0 0
77 2 0 0 2 0 0 0 0 0
78 3 1 1 0 0 0 0 0 0
113 5 1 1 1 0 0 1 0 0
176 3 1 1 1 0 0 0 0 0
177 1 0 0 1 1 1 0 0 0
180 2 0 0 0 0 0 0 0 0
181 1 1 1 1 0 0 0 0 0
183 2 0 0 1 0 0 0 0 0
184 7 0 0 0 0 0 4 0 0
191 3 0 0 1 0 0 0 0 0
313 4 2 2 2 0 0 0 0 0
314 4 0 0 2 0 0 0 0 0
315 4 1 1 2 0 0 0 0 0
316 3 1 1 1 0 0 0 0 0
317 2 0 0 1 0 0 0 0 0
324 2 0 0 1 0 0 1 0 0
325 2 0 0 1 0 0 1 0 0
326 2 1 1 1 0 0 1 0 0
327 6 0 0 5 0 0 0 0 0
fl=/build/glibc-bQZRxl/glibc-2.23/elf/./dl-load.h
fn=_dl_map_object_from_fd
90 8 0 0 4 0 0 0 0 0
91 6 0 0 4 0 0 2 0 0
93 12 0 0 4 0 0 0 0 0
94 6 2 2 3 0 0 1 0 0
95 11 0 0 6 0 0 1 0 0
98 5 1 1 1 0 0 1 0 0
fl=/build/glibc-bQZRxl/glibc-2.23/elf/./dl-map-segments.h
fn=_dl_map_object_from_fd
56 30 1 1 10 0 0 18 0 0
60 8 0 0 2 0 0 0 0 0
63 6 1 1 2 0 0 2 0 0
64 4 0 0 0 0 0 2 0 0
66 4 0 0 2 0 0 0 0 0
72 14 1 1 3 0 0 6 0 0
73 4 0 0 2 0 0 1 0 0
76 4 0 0 4 0 0 0 0 0
86 20 1 1 4 0 0 0 0 0
88 8 0 0 4 0 0 0 0 0
90 36 0 0 12 0 0 18 0 0
100 16 1 1 8 0 0 0 0 0
106 6 0 0 2 0 0 2 0 0
107 4 0 0 0 0 0 2 0 0
108 12 0 0 8 0 0 0 0 0
109 10 0 0 2 0 0 2 0 0
116 6 0 0 2 0 0 2 0 0
119 4 1 1 2 0 0 0 0 0
127 30 1 1 10 0 0 12 0 0
133 6 0 0 4 0 0 0 0 0
137 13 1 1 3 0 0 9 0 0
140 5 1 1 2 0 0 0 0 0
145 4 1 1 0 0 0 0 0 0
fl=/build/glibc-bQZRxl/glibc-2.23/elf/dl-altinit.c
fn=dlinit_alt
33 4 0 0 3 0 0 0 0 0
34 1 1 1 1 0 0 0 0 0
41 2 0 0 0 0 0 1 0 0
fl=/build/glibc-bQZRxl/glibc-2.23/elf/dl-cache.c
fn=_dl_cache_libcmp
138 70 1 1 0 0 0 40 0 0
139 150 1 1 50 0 0 0 0 0
141 147 0 0 0 0 0 0 0 0
143 6 0 0 1 0 0 1 0 0
149 3 0 0 0 0 0 1 0 0
150 3 1 1 1 0 0 0 0 0
151 5 0 0 1 0 0 0 0 0
153 5 0 0 1 0 0 0 0 0
155 2 0 0 1 0 0 0 0 0
161 240 1 1 48 8 8 0 0 0
163 144 1 1 0 0 0 0 0 0
164 27 0 0 0 0 0 0 0 0
167 39 0 0 0 0 0 0 0 0
168 39 0 0 0 0 0 0 0 0
171 2 0 0 1 0 0 0 0 0
172 60 0 0 50 0 0 0 0 0
fn=_dl_load_cache_lookup
185 9 1 1 0 0 0 6 0 0
193 3 0 0 1 0 0 1 0 0
196 4 1 1 2 0 0 0 0 0
199 6 1 1 0 0 0 1 0 0
207 5 0 0 1 0 0 0 0 0
208 9 1 1 0 0 0 4 0 0
212 1 0 0 0 0 0 1 0 0
215 3 0 0 1 0 0 0 0 0
218 2 0 0 0 0 0 1 0 0
219 3 0 0 0 0 0 0 0 0
220 9 1 1 0 0 0 4 0 0
247 5 0 0 2 0 0 1 0 0
256 3 0 0 1 0 0 1 0 0
258 3 0 0 2 0 0 1 0 0
260 11 1 1 0 0 0 2 0 0
262 7 1 1 1 0 0 4 0 0
266 9 1 1 5 0 0 4 0 0
281 279 7 7 82 7 7 25 0 0
297 3 0 0 2 0 0 0 0 0
301 3 1 1 1 0 0 0 0 0
309 11 0 0 1 0 0 2 0 0
310 6 0 0 1 0 0 4 0 0
311 3 0 0 0 0 0 2 0 0
312 6 0 0 5 0 0 0 0 0
fn=_dl_unload_cache
321 4 1 1 0 0 0 2 0 0
322 4 1 1 1 0 0 0 0 0
324 4 0 0 1 0 0 3 0 0
325 2 0 0 0 0 0 1 0 0
327 3 0 0 2 0 0 0 0 0
fl=/build/glibc-bQZRxl/glibc-2.23/elf/dl-debug.c
fn=_dl_debug_initialize
47 12 1 1 0 0 0 8 0 0
50 8 0 0 0 0 0 0 0 0
51 4 1 1 4 0 0 0 0 0
55 14 0 0 4 0 0 0 0 0
58 1 1 1 0 0 0 1 0 0
59 2 0 0 0 0 0 1 0 0
60 3 0 0 1 0 0 1 0 0
61 2 0 0 0 0 0 1 0 0
65 12 0 0 8 0 0 0 0 0
fn=_dl_debug_state
74 2 0 0 2 0 0 0 0 0
fl=/build/glibc-bQZRxl/glibc-2.23/elf/dl-deps.c
fn=_dl_map_object_deps
144 3 0 0 0 0 0 2 0 0
145 2 0 0 0 0 0 2 0 0
146 4 0 0 0 0 0 2 0 0
152 9 1 1 2 0 0 3 0 0
160 11 1 1 0 0 0 7 0 0
161 10 1 1 0 0 0 3 0 0
178 14 1 1 3 0 0 2 0 0
179 1 0 0 1 0 0 0 0 0
182 3 0 0 0 0 0 2 0 0
188 1 0 0 0 0 0 1 0 0
189 1 0 0 0 0 0 1 0 0
201 3 1 1 2 0 0 1 0 0
202 1 0 0 0 0 0 1 0 0
203 1 0 0 0 0 0 1 0 0
204 2 0 0 0 0 0 2 0 0
209 6 1 1 0 0 0 5 0 0
210 2 0 0 0 0 0 1 0 0
213 8 0 0 4 0 0 4 0 0
217 16 1 1 8 0 0 0 0 0
218 29 2 2 11 0 0 0 0 0
220 2 0 0 0 0 0 0 0 0
222 8 0 0 4 0 0 2 0 0
224 30 1 1 2 0 0 6 0 0
229 28 1 1 12 1 1 0 0 0
231 8 0 0 6 0 0 2 0 0
236 2 0 0 0 0 0 2 0 0
237 4 0 0 0 0 0 2 0 0
238 4 0 0 2 0 0 2 0 0
239 4 0 0 2 0 0 2 0 0
242 208 1 1 54 0 0 4 0 0
243 96 0 0 0 0 0 0 0 0
249 20 1 1 6 0 0 6 0 0
251 2 0 0 0 0 0 2 0 0
254 16 0 0 2 0 0 6 0 0
256 10 1 1 6 0 0 0 0 0
271 2 0 0 2 0 0 0 0 0
273 4 0 0 2 0 0 0 0 0
278 6 0 0 0 0 0 0 0 0
281 2 0 0 0 0 0 2 0 0
282 2 0 0 0 0 0 2 0 0
283 2 0 0 0 0 0 2 0 0
284 4 0 0 2 0 0 2 0 0
286 2 0 0 2 0 0 0 0 0
288 12 1 1 2 0 0 4 0 0
292 6 0 0 2 0 0 0 0 0
293 4 0 0 1 0 0 2 0 0
295 138 0 0 0 0 0 0 0 0
308 2 0 0 0 0 0 1 0 0
317 2 0 0 0 0 0 1 0 0
423 15 1 1 6 0 0 6 0 0
459 19 1 1 5 0 0 0 0 0
461 4 1 1 2 0 0 2 1 1
463 10 0 0 2 0 0 4 0 0
465 6 0 0 0 0 0 0 0 0
468 4 0 0 2 0 0 2 0 0
469 16 0 0 4 0 0 8 0 0
470 16 0 0 4 0 0 8 0 0
473 4 0 0 2 0 0 2 0 0
474 4 0 0 2 0 0 0 0 0
478 20 1 1 10 0 0 0 0 0
480 4 1 1 4 0 0 0 0 0
481 17 0 0 3 0 0 0 0 0
485 7 1 1 3 0 0 0 0 0
486 2 0 0 0 0 0 1 0 0
489 5 0 0 2 0 0 1 0 0
499 7 1 1 2 0 0 3 0 0
502 3 1 1 0 0 0 0 0 0
507 6 0 0 3 0 0 1 0 0
508 1 0 0 0 0 0 1 0 0
510 16 0 0 6 0 0 0 0 0
512 12 1 1 4 0 0 0 0 0
516 16 0 0 8 0 0 4 0 0
520 4 0 0 4 0 0 0 0 0
523 4 0 0 2 0 0 1 0 0
574 3 1 1 2 0 0 0 0 0
575 1 0 0 0 0 0 1 0 0
576 5 0 0 2 0 0 1 0 0
611 10 2 2 3 0 0 5 0 0
613 3 0 0 0 0 0 0 0 0
614 1 0 0 0 0 0 1 0 0
617 10 0 0 3 0 0 1 0 0
618 7 1 1 1 0 0 1 0 0
619 13 1 1 2 0 0 6 0 0
623 12 0 0 3 0 0 6 0 0
624 21 1 1 6 0 0 6 0 0
630 19 0 0 5 0 0 2 0 0
632 6 0 0 6 0 0 0 0 0
633 7 0 0 0 0 0 0 0 0
635 9 0 0 3 0 0 0 0 0
636 6 1 1 0 0 0 0 0 0
658 9 0 0 6 0 0 0 0 0
661 10 1 1 7 0 0 0 0 0
664 32 1 1 8 0 0 10 0 0
671 3 0 0 2 0 0 1 0 0
673 2 0 0 1 0 0 1 0 0
674 1 0 0 1 0 0 0 0 0
675 3 0 0 1 0 0 0 0 0
682 3 1 1 1 0 0 0 0 0
685 3 0 0 1 0 0 0 0 0
688 6 0 0 5 0 0 0 0 0
fn=openaux
60 6 1 1 2 0 0 2 0 0
63 24 0 0 10 0 0 10 1 1
67 2 0 0 2 0 0 0 0 0
68 6 0 0 4 0 0 0 0 0
fl=/build/glibc-bQZRxl/glibc-2.23/elf/dl-environ.c
fn=_dl_next_ld_env_entry
30 3 1 1 3 0 0 0 0 0
31 2 0 0 0 0 0 0 0 0
33 82 0 0 27 0 0 0 0 0
35 52 0 0 26 11 11 0 0 0
36 20 0 0 10 0 0 0 0 0
38 2 0 0 0 0 0 0 0 0
41 4 0 0 0 0 0 2 0 0
46 24 0 0 0 0 0 0 0 0
50 6 0 0 3 0 0 0 0 0
fl=/build/glibc-bQZRxl/glibc-2.23/elf/dl-error.c
fn=_dl_catch_error
163 15 1 1 0 0 0 9 0 0
175 6 0 0 0 0 0 6 2 2
176 6 0 0 0 0 0 6 0 0
177 6 0 0 0 0 0 6 0 0
178 6 1 1 0 0 0 3 0 0
180 6 0 0 3 0 0 3 1 1
181 6 0 0 3 0 0 3 0 0
182 9 0 0 0 0 0 6 0 0
185 24 0 0 0 0 0 9 0 0
187 15 1 1 6 0 0 6 0 0
188 9 0 0 6 0 0 3 0 0
189 6 0 0 3 0 0 3 0 0
190 6 0 0 3 0 0 3 0 0
191 6 0 0 3 0 0 3 0 0
199 15 0 0 9 0 0 0 0 0
fn=_dl_receive_error
205 10 1 1 0 0 0 7 0 0
206 2 1 1 1 0 0 1 0 0
210 2 0 0 1 0 0 1 0 0
211 1 0 0 1 0 0 0 0 0
214 1 0 0 0 0 0 1 0 0
215 1 0 0 0 0 0 1 0 0
217 5 0 0 2 0 0 2 0 0
219 2 0 0 1 0 0 1 0 0
220 1 0 0 0 0 0 1 0 0
221 6 0 0 5 0 0 0 0 0
fl=/build/glibc-bQZRxl/glibc-2.23/elf/dl-fini.c
fn=_dl_fini
130 13 1 1 0 0 0 7 1 1
147 3 0 0 0 0 0 3 1 1
150 17 2 2 8 1 1 2 0 0
153 5 1 1 4 1 1 2 0 0
155 2 0 0 2 1 1 0 0 0
158 3 1 1 0 0 0 0 0 0
160 6 0 0 3 1 1 0 0 0
165 1 0 0 0 0 0 1 0 0
168 7 0 0 0 0 0 1 0 0
173 13 0 0 4 0 0 0 0 0
175 8 1 1 4 4 4 0 0 0
177 8 0 0 0 0 0 0 0 0
179 4 0 0 0 0 0 4 0 0
180 4 0 0 0 0 0 4 4 4
181 4 0 0 0 0 0 0 0 0
185 4 0 0 4 3 3 0 0 0
187 8 1 1 1 0 0 1 0 0
188 3 0 0 1 0 0 0 0 0
192 7 0 0 3 0 0 2 1 1
201 4 1 1 4 0 0 2 0 0
206 21 0 0 12 0 0 1 0 0
208 12 0 0 12 0 0 0 0 0
210 12 0 0 4 0 0 0 0 0
213 8 0 0 0 0 0 4 0 0
216 12 1 1 4 4 4 0 0 0
217 6 1 1 2 2 2 0 0 0
220 6 0 0 4 1 1 0 0 0
222 3 0 0 1 0 0 1 0 0
223 3 0 0 0 0 0 1 0 0
231 4 0 0 4 2 2 0 0 0
232 6 0 0 4 0 0 0 0 0
234 14 0 0 2 2 2 0 0 0
235 2 0 0 2 2 2 2 0 0
239 4 0 0 0 0 0 0 0 0
240 6 1 1 4 0 0 2 0 0
246 32 0 0 12 1 1 0 0 0
262 4 0 0 4 0 0 0 0 0
268 7 0 0 3 0 0 0 0 0
270 1 0 0 0 0 0 1 0 0
274 3 0 0 2 0 0 0 0 0
281 6 0 0 5 0 0 0 0 0
fn=_dl_sort_fini
31 8 1 1 0 0 0 5 0 0
33 4 0 0 0 0 0 2 0 0
38 9 0 0 1 0 0 3 0 0
39 7 1 1 0 0 0 2 1 1
40 13 0 0 2 0 0 5 1 1
44 12 0 0 3 0 0 6 0 0
45 15 1 1 6 0 0 3 0 0
49 12 0 0 6 0 0 0 0 0
55 9 0 0 3 0 0 3 0 0
56 20 1 1 8 0 0 4 0 0
58 9 0 0 9 2 2 0 0 0
59 7 0 0 0 0 0 0 0 0
61 9 1 1 3 1 1 0 0 0
62 6 0 0 0 0 0 0 0 0
81 1 0 0 0 0 0 0 0 0
92 9 1 1 3 0 0 0 0 0
113 9 0 0 9 0 0 0 0 0
117 9 0 0 3 0 0 3 0 0
120 35 1 1 12 0 0 8 0 0
124 6 0 0 5 0 0 0 0 0
fl=/build/glibc-bQZRxl/glibc-2.23/elf/dl-hwcaps.c
fn=_dl_important_hwcaps
39 12 1 1 0 0 0 8 0 0
41 7 1 1 4 0 0 3 0 0
42 4 0 0 0 0 0 1 0 0
51 414 0 0 29 0 0 55 0 0
52 189 1 1 0 0 0 0 0 0
53 54 0 0 0 0 0 0 0 0
61 5 1 1 2 0 0 1 0 0
113 3 1 1 1 0 0 1 0 0
115 9 2 2 1 0 0 3 0 0
130 9 1 1 0 0 0 1 0 0
131 1 0 0 0 0 0 0 0 0
162 74 2 2 7 0 0 1 0 0
163 270 1 1 54 0 0 0 0 0
165 6 0 0 2 0 0 2 0 0
166 10 1 1 0 0 0 6 0 0
167 36 0 0 8 0 0 8 0 0
168 4 0 0 0 0 0 0 0 0
170 3 0 0 1 0 0 0 0 0
172 2 0 0 1 0 0 1 0 0
173 4 0 0 1 0 0 1 0 0
177 4 1 1 2 0 0 1 0 0
178 1 0 0 0 0 0 1 0 0
181 2 0 0 1 0 0 0 0 0
184 2 0 0 1 0 0 0 0 0
185 2 0 0 2 0 0 0 0 0
188 8 0 0 2 0 0 3 0 0
189 3 1 1 0 0 0 0 0 0
191 4 0 0 0 0 0 0 0 0
192 4 0 0 0 0 0 0 0 0
193 6 0 0 2 0 0 0 0 0
194 3 0 0 1 0 0 0 0 0
195 2 0 0 0 0 0 0 0 0
196 6 1 1 0 0 0 0 0 0
201 3 0 0 1 0 0 0 0 0
207 6 0 0 2 0 0 2 0 0
208 8 0 0 1 0 0 4 0 0
209 4 1 1 1 0 0 0 0 0
238 5 0 0 1 0 0 2 0 0
241 2 0 0 1 0 0 0 0 0
248 8 0 0 2 0 0 1 0 0
251 4 0 0 0 0 0 0 0 0
254 56 1 1 20 0 0 32 0 0
257 28 0 0 4 0 0 0 0 0
258 47 1 1 4 0 0 6 0 0
259 64 1 1 24 0 0 36 0 0
262 48 0 0 16 0 0 32 0 0
264 12 1 1 0 0 0 0 0 0
269 58 0 0 3 0 0 0 0 0
270 16 0 0 0 0 0 16 1 1
274 16 1 1 1 0 0 4 0 0
277 148 0 0 8 0 0 0 0 0
278 192 0 0 64 0 0 0 0 0
279 96 0 0 64 0 0 0 0 0
281 14 1 1 0 0 0 0 0 0
284 2 0 0 1 0 0 0 0 0
285 2 0 0 1 0 0 0 0 0
286 29 0 0 4 0 0 0 0 0
288 18 0 0 0 0 0 0 0 0
289 9 0 0 6 0 0 3 0 0
291 6 1 1 3 0 0 3 0 0
292 6 0 0 0 0 0 0 0 0
299 24 0 0 8 0 0 8 0 0
300 8 0 0 0 0 0 0 0 0
302 16 0 0 0 0 0 0 0 0
305 4 1 1 3 0 0 1 0 0
307 1 0 0 0 0 0 0 0 0
308 6 0 0 5 0 0 0 0 0
fl=/build/glibc-bQZRxl/glibc-2.23/elf/dl-init.c
fn=_dl_init
30 31 1 1 11 0 0 6 0 0
80 10 2 2 0 0 0 6 0 0
81 1 0 0 1 0 0 0 0 0
82 2 0 0 1 0 0 1 0 0
85 3 0 0 1 0 0 0 0 0
88 2 0 0 0 0 0 1 0 0
93 2 0 0 0 0 0 0 0 0
104 6 2 2 2 0 0 2 0 0
118 2 1 1 1 0 0 0 0 0
119 19 0 0 0 0 0 0 0 0
120 8 0 0 8 0 0 0 0 0
126 6 0 0 5 0 0 0 0 0
fn=call_init.part.0
28 32 1 1 0 0 0 20 0 0
36 16 0 0 4 0 0 4 0 0
39 23 0 0 8 1 0 4 0 0
40 3 0 0 0 0 0 0 0 0
44 12 1 1 3 0 0 0 0 0
45 3 1 1 1 0 0 0 0 0
49 4 0 0 2 0 0 0 0 0
58 18 0 0 8 1 0 8 0 0
62 4 0 0 0 0 0 0 0 0
68 8 0 0 4 0 0 2 0 0
70 4 0 0 4 0 0 0 0 0
71 32 1 1 4 0 0 0 0 0
72 20 0 0 8 0 0 16 0 0
74 24 0 0 20 0 0 0 0 0
fl=/build/glibc-bQZRxl/glibc-2.23/elf/dl-load.c
fn=_dl_init_paths
689 9 1 1 0 0 0 6 0 0
702 7 1 1 2 0 0 3 0 0
706 1 0 0 0 0 0 1 0 0
707 2 0 0 0 0 0 2 0 0
708 3 0 0 0 0 0 0 0 0
715 4 0 0 0 0 0 0 0 0
716 2 0 0 1 0 0 0 0 0
719 8 1 1 0 0 0 4 1 1
721 4 0 0 1 0 0 0 0 0
727 1 0 0 0 0 0 1 0 0
728 2 0 0 0 0 0 2 0 0
736 6 0 0 3 0 0 3 0 0
738 13 0 0 3 0 0 5 0 0
739 7 1 1 3 0 0 4 2 2
741 11 0 0 6 0 0 4 0 0
742 7 0 0 3 1 1 4 0 0
743 9 0 0 0 0 0 3 0 0
746 6 0 0 3 1 1 0 0 0
747 220 0 0 8 0 0 4 0 0
748 64 0 0 0 0 0 64 4 4
750 25 2 2 8 0 0 9 0 0
756 1 1 1 0 0 0 1 0 0
757 2 0 0 1 0 0 1 0 0
761 1 0 0 1 0 0 0 0 0
762 2 0 0 0 0 0 0 0 0
764 4 0 0 1 0 0 0 0 0
766 3 0 0 1 0 0 0 0 0
783 1 0 0 0 0 0 1 0 0
785 3 1 1 1 0 0 0 0 0
799 2 1 1 0 0 0 1 0 0
804 5 1 1 2 0 0 0 0 0
810 7 1 1 0 0 0 3 0 0
812 18 1 1 1 0 0 6 0 0
829 64 0 0 15 0 0 0 0 0
830 14 0 0 0 0 0 0 0 0
831 28 0 0 0 0 0 0 0 0
833 1 0 0 0 0 0 1 0 0
834 3 1 1 0 0 0 2 0 0
835 3 0 0 0 0 0 0 0 0
841 9 0 0 1 0 0 5 0 0
845 5 0 0 2 0 0 0 0 0
851 1 0 0 0 0 0 1 0 0
855 6 0 0 5 0 0 0 0 0
fn=_dl_map_object
666 9 1 1 3 0 0 0 0 0
2189 24 1 1 0 0 0 18 2 2
2191 2 0 0 0 0 0 2 0 0
2197 12 1 1 3 0 0 0 0 0
2198 9 0 0 6 1 1 0 0 0
2201 42 0 0 12 0 0 3 0 0
2206 49 1 1 7 0 0 0 0 0
2208 35 0 0 0 0 0 7 0 0
2212 12 0 0 6 0 0 0 0 0
2213 18 0 0 6 0 0 0 0 0
2216 2 0 0 2 0 0 0 0 0
2218 18 1 1 4 0 0 6 0 0
2235 10 1 1 4 0 0 2 0 0
2244 6 1 1 2 0 0 0 0 0
2278 2 0 0 0 0 0 2 2 2
2280 14 0 0 0 0 0 6 0 0
2284 6 2 2 0 0 0 3 0 0
2286 2 0 0 1 0 0 0 0 0
2293 5 0 0 1 0 0 0 0 0
2297 2 1 1 1 0 0 1 0 0
2302 8 1 1 1 0 0 1 0 0
2303 1 0 0 0 0 0 0 0 0
2305 5 0 0 0 0 0 3 0 0
2317 3 1 1 2 0 0 0 0 0
2318 8 1 1 2 0 0 1 0 0
2319 3 0 0 0 0 0 1 0 0
2328 2 0 0 1 0 0 0 0 0
2329 17 1 1 2 0 0 7 0 0
2335 5 0 0 1 0 0 0 0 0
2336 2 1 1 0 0 0 1 0 0
2344 1 1 1 0 0 0 1 0 0
2358 2 1 1 1 0 0 0 0 0
2360 3 0 0 1 0 0 0 0 0
2364 3 0 0 0 0 0 2 0 0
2366 2 0 0 0 0 0 0 0 0
2370 2 0 0 0 0 0 0 0 0
2378 3 0 0 1 0 0 0 0 0
2401 10 1 1 2 0 0 5 0 0
2405 3 0 0 0 0 0 0 0 0
2406 2 0 0 0 0 0 1 0 0
2423 2 1 1 1 0 0 0 0 0
2429 1 0 0 0 0 0 1 0 0
2431 6 1 1 0 0 0 1 0 0
2432 3 0 0 0 0 0 0 0 0
2436 8 0 0 1 0 0 5 0 0
2439 3 0 0 0 0 0 0 0 0
2451 8 1 1 2 0 0 0 0 0
2453 4 1 1 0 0 0 0 0 0
2497 4 0 0 2 0 0 2 0 0
2498 28 0 0 10 0 0 16 0 0
2500 25 2 2 17 0 0 2 0 0
fn=_dl_map_object_from_fd
893 26 2 2 0 0 0 16 2 2
903 10 0 0 2 0 0 6 0 0
904 2 0 0 0 0 0 2 0 0
919 41 1 1 15 0 0 4 0 0
920 10 0 0 5 0 0 0 0 0
937 6 1 1 2 0 0 0 0 0
961 4 0 0 2 0 0 0 0 0
971 6 0 0 4 0 0 0 0 0
993 8 1 1 4 0 0 0 0 0
1025 4 0 0 0 0 0 0 0 0
1028 18 0 0 12 0 0 8 0 0
1029 6 0 0 2 0 0 0 0 0
1040 6 1 1 4 0 0 2 0 0
1041 10 0 0 6 0 0 4 0 0
1042 6 0 0 4 0 0 2 0 0
1044 4 0 0 0 0 0 0 0 0
1045 12 0 0 8 0 0 0 0 0
1046 4 1 1 0 0 0 2 0 0
1063 2 0 0 0 0 0 2 0 0
1065 18 0 0 0 0 0 4 0 0
1073 118 1 1 36 0 0 4 0 0
1074 127 2 2 17 1 1 0 0 0
1080 4 0 0 2 0 0 2 0 0
1081 6 0 0 2 0 0 2 0 0
1082 2 0 0 0 0 0 0 0 0
1085 2 0 0 1 0 0 1 0 0
1086 1 0 0 0 0 0 0 0 0
1091 28 2 2 12 0 0 4 0 0
1096 32 0 0 12 0 0 4 0 0
1104 48 1 1 12 0 0 12 0 0
1105 16 0 0 0 0 0 4 1 1
1106 28 0 0 12 0 0 8 0 0
1108 8 0 0 4 0 0 4 0 0
1109 8 0 0 4 0 0 4 0 0
1113 8 1 1 4 0 0 0 0 0
1114 16 0 0 10 0 0 2 0 0
1118 40 1 1 12 0 0 4 0 0
1129 4 0 0 0 0 0 0 0 0
1132 3 0 0 1 0 0 0 0 0
1136 1 1 1 0 0 0 1 0 0
1137 2 0 0 1 0 0 1 0 0
1138 2 0 0 0 0 0 0 0 0
1141 7 1 1 3 0 0 1 0 0
1142 2 0 0 1 0 0 1 0 0
1145 1 0 0 0 0 0 1 0 0
1149 4 0 0 1 0 0 0 0 0
1155 2 0 0 0 0 0 2 0 0
1156 1 0 0 0 0 0 0 0 0
1160 6 0 0 2 0 0 2 0 0
1168 10 0 0 2 0 0 4 0 0
1211 4 1 1 2 0 0 2 0 0
1212 2 0 0 0 0 0 0 0 0
1215 4 0 0 2 0 0 2 0 0
1216 4 0 0 2 0 0 2 0 0
1217 2 0 0 0 0 0 0 0 0
1220 4 0 0 0 0 0 0 0 0
1229 4 0 0 0 0 0 0 0 0
1239 18 1 1 8 0 0 4 0 0
1251 8 1 1 4 0 0 0 0 0
1255 2 1 1 1 0 0 0 0 0
1260 8 0 0 2 0 0 4 0 0
1267 4 0 0 0 0 0 0 0 0
1282 6 1 1 2 0 0 0 0 0
1301 4 0 0 2 0 0 2 0 0
1303 14 1 1 6 0 0 2 0 0
1357 6 0 0 2 0 0 0 0 0
1358 2 0 0 1 0 0 1 0 0
1361 12 0 0 2 0 0 4 0 0
1370 4 0 0 2 0 0 0 0 0
1372 8 1 1 4 0 0 2 0 0
1374 6 0 0 4 0 0 0 0 0
1390 4 0 0 0 0 0 2 0 0
1394 4 0 0 2 0 0 0 0 0
1395 6 0 0 2 0 0 0 0 0
1412 4 1 1 2 0 0 0 0 0
1413 3 0 0 1 0 0 1 0 0
1416 16 1 1 8 0 0 8 0 0
1421 6 0 0 2 0 0 0 0 0
1431 8 0 0 4 0 0 0 0 0
1441 6 0 0 2 0 0 2 0 0
1445 10 0 0 4 0 0 0 0 0
1465 12 0 0 10 0 0 0 0 0
fn=expand_dynamic_string_token
373 20 2 2 0 0 0 10 0 0
383 12 0 0 0 0 0 6 0 0
387 8 0 0 0 0 0 4 0 0
398 12 0 0 10 0 0 0 0 0
fn=fillin_rpath
444 12 2 2 0 0 0 8 0 0
446 2 0 0 0 0 0 2 0 0
448 16 0 0 4 0 0 6 0 0
451 1 0 0 0 0 0 1 0 0
452 1 0 0 0 0 0 0 0 0
455 2 1 1 1 0 0 0 0 0
457 5 2 2 1 0 0 1 0 0
461 2 0 0 0 0 0 0 0 0
466 4 0 0 0 0 0 2 0 0
467 2 0 0 0 0 0 0 0 0
474 8 2 2 1 0 0 0 0 0
479 3 0 0 0 0 0 2 0 0
483 3 2 2 1 0 0 0 0 0
490 16 0 0 6 0 0 0 0 0
491 8 0 0 4 0 0 0 0 0
509 5 2 2 1 0 0 1 0 0
512 7 1 1 1 0 0 3 0 0
513 3 0 0 2 0 0 0 0 0
515 4 0 0 1 0 0 0 0 0
519 2 0 0 0 0 0 2 1 1
520 1 0 0 0 0 0 0 0 0
521 7 1 1 1 0 0 5 0 0
522 2 0 0 1 0 0 1 0 0
524 4 0 0 2 0 0 0 0 0
530 4 0 0 1 0 0 0 0 0
531 54 1 1 2 0 0 0 0 0
532 16 0 0 0 0 0 16 0 0
534 2 0 0 1 0 0 1 0 0
535 3 0 0 1 0 0 0 0 0
540 2 0 0 0 0 0 1 0 0
542 3 0 0 2 0 0 1 0 0
543 1 0 0 0 0 0 1 0 0
546 5 0 0 1 0 0 2 0 0
548 6 1 1 2 0 0 2 0 0
552 2 0 0 1 0 0 1 0 0
555 7 0 0 5 0 0 0 0 0
fn=open_path
2040 8 1 1 0 0 0 5 0 0
2041 3 0 0 2 0 0 1 1 1
2044 1 0 0 0 0 0 1 0 0
2045 1 0 0 0 0 0 1 0 0
2047 3 0 0 0 0 0 1 0 0
2052 15 2 2 4 0 0 5 0 0
2064 3 0 0 2 0 0 0 0 0
2071 7 1 1 4 0 0 5 1 1
2072 87 0 0 17 0 0 1 0 0
2075 32 1 1 16 0 0 0 0 0
2078 32 0 0 16 0 0 16 0 0
2079 160 1 1 80 0 0 128 0 0
2080 32 0 0 16 0 0 0 0 0
2085 64 0 0 32 0 0 0 0 0
2088 144 0 0 96 0 0 80 0 0
2090 64 1 1 16 0 0 0 0 0
2092 32 1 1 0 0 0 0 0 0
2097 48 1 1 16 0 0 0 0 0
2098 115 1 1 80 0 0 1 0 0
2104 96 0 0 48 0 0 16 0 0
2106 144 0 0 0 0 0 64 0 0
2107 4 0 0 1 1 1 0 0 0
2109 30 1 1 0 0 0 15 0 0
2111 3 2 2 0 0 0 1 0 0
2116 32 0 0 16 0 0 0 0 0
2154 1 0 0 0 0 0 0 0 0
2157 8 1 1 2 0 0 0 0 0
2162 2 0 0 2 0 0 0 0 0
2164 6 0 0 3 0 0 1 0 0
2167 3 0 0 1 0 0 0 0 0
2181 6 0 0 5 0 0 0 0 0
fn=open_verify.constprop.6
1717 216 1 1 18 0 0 126 1 1
1756 72 0 0 18 0 0 18 0 0
1787 90 1 1 18 0 0 72 1 1
1789 54 0 0 0 0 0 0 0 0
1799 6 1 1 2 0 0 2 0 0
1800 6 0 0 0 0 0 4 0 0
1805 18 0 0 4 0 0 8 0 0
1807 6 0 0 0 0 0 0 0 0
1809 6 0 0 2 0 0 2 0 0
1811 4 0 0 0 0 0 0 0 0
1817 4 1 1 0 0 0 0 0 0
1826 4 1 1 3 0 0 0 0 0
1833 58 2 2 10 0 0 20 0 0
1907 4 0 0 2 0 0 0 0 0
1912 4 0 0 2 0 0 0 0 0
1914 8 0 0 2 0 0 0 0 0
1920 4 1 1 0 0 0 0 0 0
1931 4 0 0 2 2 2 0 0 0
1937 6 0 0 2 0 0 0 0 0
1938 8 0 0 2 0 0 0 0 0
1939 4 0 0 2 0 0 2 0 0
1959 94 2 2 18 0 0 4 0 0
1961 36 0 0 17 5 5 0 0 0
1965 10 1 1 6 0 0 0 0 0
1966 12 0 0 4 0 0 2 0 0
1975 26 1 1 1 0 0 12 0 0
1978 14 0 0 4 0 0 0 0 0
1982 6 0 0 0 0 0 0 0 0
1987 1 0 0 0 0 0 0 0 0
1988 1 0 0 0 0 0 0 0 0
1991 2 0 0 0 0 0 0 0 0
1994 7 0 0 3 0 0 0 0 0
1997 3 0 0 1 0 0 0 0 0
1998 6 0 0 2 0 0 0 0 0
2003 16 0 0 0 0 0 0 0 0
2026 108 1 1 90 0 0 0 0 0
fl=/build/glibc-bQZRxl/glibc-2.23/elf/dl-lookup.c
fn=_dl_lookup_symbol_x
568 5652 1 1 1303 87 86 176 0 0
569 4860 0 0 0 0 0 0 0 0
806 792 1 1 0 0 0 616 0 0
808 88 0 0 0 0 0 88 0 0
809 176 0 0 0 0 0 176 0 0
812 176 1 1 176 0 0 0 0 0
816 424 0 0 168 0 0 0 0 0
820 616 1 1 264 0 0 176 0 0
821 264 0 0 88 0 0 0 0 0
823 176 0 0 176 0 0 0 0 0
827 382 0 0 6 0 0 88 0 0
829 1320 1 1 792 0 0 880 0 0
832 264 0 0 0 0 0 0 0 0
835 6 0 0 0 0 0 0 0 0
858 352 0 0 176 0 0 0 0 0
860 48 2 2 18 0 0 0 0 0
876 12 0 0 6 0 0 6 0 0
877 12 0 0 0 0 0 0 0 0
880 164 0 0 164 0 0 0 0 0
881 574 0 0 164 0 0 0 0 0
912 82 0 0 0 0 0 82 0 0
921 410 1 1 82 0 0 0 0 0
935 246 0 0 82 0 0 0 0 0
936 2 1 1 0 0 0 1 0 0
938 410 0 0 246 0 0 0 0 0
943 164 0 0 82 0 0 82 0 0
945 528 1 1 440 0 0 0 0 0
fn=_dl_setup_hash
953 28 2 2 0 0 0 20 0 0
956 12 0 0 4 0 0 0 0 0
960 4 0 0 4 0 0 0 0 0
964 8 0 0 4 4 4 4 0 0
965 4 0 0 4 0 0 0 0 0
966 4 0 0 4 3 3 0 0 0
968 12 0 0 0 0 0 0 0 0
969 4 0 0 0 0 0 4 0 0
970 12 0 0 4 0 0 4 0 0
972 4 0 0 0 0 0 4 0 0
973 4 1 1 0 0 0 0 0 0
975 4 0 0 0 0 0 4 0 0
977 12 0 0 0 0 0 4 0 0
991 24 0 0 20 0 0 0 0 0
fn=check_match
92 820 2 2 164 8 5 492 0 0
95 820 0 0 246 1 1 0 0 0
107 246 1 1 164 0 0 82 0 0
110 445 0 0 108 0 0 39 0 0
114 164 0 0 164 0 0 0 0 0
115 164 0 0 0 0 0 0 0 0
117 160 1 1 0 0 0 0 0 0
136 160 0 0 160 0 0 0 0 0
137 640 0 0 320 0 0 0 0 0
138 720 0 0 240 0 0 240 0 0
165 4 1 1 0 0 0 0 0 0
167 12 0 0 4 1 0 0 0 0
168 8 0 0 2 0 0 0 0 0
171 2 0 0 0 0 0 0 0 0
172 7 0 0 3 0 0 1 0 0
174 2 0 0 1 0 0 1 0 0
176 82 0 0 0 0 0 0 0 0
183 572 1 1 410 0 0 80 0 0
fn=do_lookup_x
311 192 0 0 0 0 0 0 0 0
355 1144 1 1 176 0 0 792 0 0
361 176 0 0 88 0 0 88 0 0
362 88 0 0 88 0 0 0 0 0
366 548 0 0 548 0 0 0 0 0
369 548 0 0 274 0 0 0 0 0
373 1096 0 0 274 0 0 274 0 0
377 548 1 1 274 0 0 0 0 0
381 822 0 0 548 0 0 0 0 0
382 176 1 1 0 0 0 88 0 0
383 264 0 0 0 0 0 88 0 0
387 1096 0 0 274 1 0 274 0 0
391 274 1 1 0 0 0 274 0 0
392 274 0 0 0 0 0 274 0 0
395 822 0 0 548 0 0 274 0 0
396 822 0 0 548 0 0 274 0 0
399 274 0 0 274 0 0 0 0 0
400 548 0 0 0 0 0 0 0 0
402 822 0 0 822 32 30 0 0 0
403 264 0 0 0 0 0 88 0 0
410 3288 1 1 548 0 0 0 0 0
413 430 1 1 258 45 44 0 0 0
415 172 0 0 0 0 0 0 0 0
417 172 0 0 86 0 0 0 0 0
420 890 0 0 178 60 59 0 0 0
422 246 0 0 82 0 0 0 0 0
423 1918 2 2 738 0 0 1082 0 0
427 248 1 1 1 0 0 0 0 0
430 291 0 0 0 0 0 0 0 0
439 405 1 1 162 0 0 162 0 0
461 12 0 0 6 0 0 1 0 0
463 4 1 1 0 0 0 1 0 0
469 246 1 1 82 1 0 0 0 0
519 780 0 0 164 0 0 82 0 0
523 40 0 0 20 0 0 0 0 0
535 246 1 1 164 0 0 82 0 0
536 82 0 0 0 0 0 82 0 0
537 82 0 0 0 0 0 0 0 0
553 1572 0 0 524 0 0 0 0 0
554 102 0 0 0 0 0 17 0 0
555 15 2 2 10 0 0 0 0 0
557 576 1 1 192 0 0 0 0 0
560 6 0 0 0 0 0 0 0 0
561 528 0 0 440 0 0 0 0 0
fl=/build/glibc-bQZRxl/glibc-2.23/elf/dl-minimal.c
fn=__libc_memalign
52 154 1 1 44 0 0 88 2 2
53 87 0 0 43 0 0 0 0 0
58 5 0 0 0 0 0 1 0 0
59 2 1 1 1 0 0 0 0 0
64 88 0 0 0 0 0 22 0 0
67 146 1 1 0 0 0 0 0 0
71 8 0 0 2 0 0 0 0 0
72 4 0 0 0 0 0 0 0 0
78 16 0 0 0 0 0 14 1 1
80 12 0 0 4 0 0 0 0 0
84 6 0 0 0 0 0 2 0 0
87 22 0 0 0 0 0 22 0 0
88 22 0 0 0 0 0 22 0 0
90 110 0 0 88 0 0 0 0 0
fn=calloc
103 56 2 2 16 0 0 32 1 1
107 16 0 0 0 0 0 0 0 0
111 32 0 0 0 0 0 0 0 0
114 32 0 0 0 0 0 16 0 0
115 32 0 0 32 0 0 0 0 0
fn=free
120 5 1 1 0 0 0 3 0 0
122 3 0 0 2 0 0 0 0 0
129 4 0 0 3 0 0 0 0 0
fn=malloc
94 84 0 0 0 0 0 42 0 0
95 63 0 0 21 0 0 63 1 1
96 63 0 0 42 0 0 0 0 0
fn=strsep
351 16 1 1 2 0 0 10 0 0
354 6 0 0 2 0 0 0 0 0
356 4 0 0 4 0 0 0 0 0
357 4 0 0 0 0 0 0 0 0
361 91 1 1 15 0 0 0 0 0
366 56 0 0 0 0 0 0 0 0
368 112 0 0 28 0 0 0 0 0
376 14 0 0 0 0 0 0 0 0
379 2 0 0 1 0 0 1 0 0
383 14 0 0 10 0 0 0 0 0
fl=/build/glibc-bQZRxl/glibc-2.23/elf/dl-misc.c
fn=_dl_name_match_p
288 217 1 1 0 0 0 124 0 0
289 217 1 1 31 0 0 93 2 2
290 3 0 0 0 0 0 0 0 0
292 31 0 0 31 0 0 0 0 0
294 126 0 0 0 0 0 0 0 0
295 245 0 0 35 0 0 105 0 0
298 32 0 0 32 0 0 0 0 0
300 28 0 0 0 0 0 0 0 0
301 124 0 0 124 0 0 0 0 0
fn=_dl_sysdep_read_whole_file
45 6 1 1 0 0 0 3 0 0
52 3 0 0 0 0 0 3 0 0
53 3 0 0 0 0 0 0 0 0
55 10 1 1 0 0 0 4 0 0
57 2 0 0 1 0 0 1 0 0
60 2 0 0 0 0 0 0 0 0
62 11 1 1 0 0 0 7 0 0
73 4 0 0 0 0 0 2 0 0
76 6 0 0 4 0 0 0 0 0
fl=/build/glibc-bQZRxl/glibc-2.23/elf/dl-object.c
fn=_dl_add_to_namespace_list
32 27 2 2 0 0 0 18 0 0
34 9 0 0 3 0 0 6 0 0
36 28 0 0 6 0 0 0 0 0
39 15 0 0 5 0 0 0 0 0
41 2 0 0 0 0 0 2 0 0
43 2 0 0 0 0 0 2 0 0
46 2 0 0 0 0 0 1 0 0
47 9 1 1 3 0 0 0 0 0
48 12 0 0 6 0 0 6 0 0
49 12 0 0 0 0 0 6 0 0
51 9 0 0 3 0 0 6 0 0
52 18 0 0 15 0 0 0 0 0
fn=_dl_new_object
61 33 2 2 3 0 0 24 0 0
62 18 0 0 0 0 0 12 1 1
68 39 2 2 6 0 0 0 0 0
75 24 1 1 3 0 0 12 0 0
78 9 0 0 0 0 0 0 0 0
81 3 0 0 0 0 0 3 1 1
82 9 0 0 3 0 0 3 3 3
85 6 0 0 0 0 0 3 0 0
87 27 1 1 9 0 0 18 2 2
89 3 0 0 0 0 0 3 0 0
97 21 0 0 12 0 0 3 0 0
98 18 0 0 6 3 3 3 0 0
101 6 1 1 3 0 0 0 0 0
102 8 0 0 2 0 0 3 3 3
103 3 0 0 0 0 0 3 0 0
107 6 0 0 3 0 0 3 0 0
110 58 0 0 0 0 0 0 0 0
112 16 0 0 0 0 0 16 2 2
122 6 0 0 0 0 0 3 0 0
123 3 1 1 0 0 0 3 3 3
128 12 0 0 6 0 0 0 0 0
130 8 0 0 0 0 0 2 0 0
133 8 1 1 0 0 0 0 0 0
137 6 0 0 2 0 0 0 0 0
141 12 1 1 0 0 0 0 0 0
143 4 1 1 1 0 0 0 0 0
149 1 0 0 0 0 0 1 0 0
152 6 0 0 0 0 0 3 0 0
155 9 1 1 0 0 0 3 0 0
157 18 0 0 2 0 0 8 0 0
161 6 0 0 2 0 0 0 0 0
165 8 0 0 2 0 0 4 0 0
166 10 0 0 0 0 0 0 0 0
168 1 1 1 0 0 0 0 0 0
207 2 1 1 0 0 0 2 0 0
211 54 0 0 6 0 0 8 0 0
216 40 0 0 0 0 0 0 0 0
217 84 0 0 40 0 0 0 0 0
222 4 0 0 0 0 0 2 0 0
225 4 0 0 0 0 0 2 0 0
229 18 0 0 15 0 0 0 0 0
fl=/build/glibc-bQZRxl/glibc-2.23/elf/dl-reloc.c
fn=_dl_protect_relro
312 24 1 1 0 0 0 16 0 0
313 32 1 1 12 0 0 4 0 0
316 8 0 0 4 0 0 0 0 0
320 8 0 0 0 0 0 0 0 0
321 40 0 0 0 0 0 16 0 0
327 20 0 0 16 0 0 0 0 0
fn=_dl_relocate_object
149 36 2 2 4 0 0 20 0 0
156 4 0 0 0 0 0 4 0 0
159 12 0 0 4 0 0 4 0 0
160 32 1 1 4 0 0 8 0 0
164 12 0 0 4 0 0 4 0 0
165 20 0 0 8 1 0 0 0 0
171 8 0 0 4 0 0 0 0 0
177 12 0 0 4 0 0 0 0 0
178 12 1 1 4 3 0 0 0 0
181 12 1 1 8 0 0 0 0 0
188 12 0 0 4 0 0 0 0 0
232 12 0 0 8 0 0 4 0 0
258 514 5 5 102 0 0 109 0 0
261 16 0 0 8 0 0 0 0 0
285 4 0 0 4 0 0 0 0 0
288 12 0 0 4 0 0 0 0 0
305 12 0 0 4 1 0 0 0 0
306 8 0 0 0 0 0 4 0 0
307 24 0 0 20 0 0 0 0 0
fl=/build/glibc-bQZRxl/glibc-2.23/elf/dl-runtime.c
fn=_dl_fixup
66 8 1 1 0 0 0 5 0 0
68 1 0 0 1 0 0 0 0 0
69 4 0 0 2 0 0 2 0 0
71 2 1 1 1 0 0 0 0 0
72 1 0 0 1 0 0 0 0 0
73 7 0 0 2 0 0 1 0 0
74 3 0 0 2 0 0 0 0 0
79 2 0 0 0 0 0 0 0 0
83 3 0 0 1 0 0 0 0 0
87 3 1 1 1 0 0 0 0 0
91 1 0 0 1 0 0 0 0 0
92 4 0 0 2 0 0 0 0 0
94 4 0 0 1 0 0 0 0 0
100 1 0 0 0 0 0 0 0 0
101 3 1 1 1 0 0 0 0 0
111 12 0 0 3 0 0 6 0 0
115 4 0 0 1 0 0 0 0 0
125 6 0 0 2 0 0 0 0 0
133 1 0 0 1 0 0 0 0 0
141 4 1 1 1 0 0 0 0 0
145 4 0 0 2 0 0 0 0 0
149 6 0 0 5 0 0 0 0 0
fl=/build/glibc-bQZRxl/glibc-2.23/elf/dl-tls.c
fn=_dl_add_to_slotinfo
890 8 1 1 1 0 0 5 0 0
896 2 0 0 1 0 0 0 0 0
899 1 0 0 1 1 0 0 0 0
904 4 0 0 1 0 0 0 0 0
945 1 0 0 0 0 0 1 0 0
946 3 1 1 1 0 0 1 0 0
947 6 0 0 5 0 0 0 0 0
fn=_dl_allocate_tls_init
449 7 2 2 0 0 0 5 0 0
450 3 0 0 0 0 0 1 0 0
454 2 0 0 1 0 0 1 0 0
456 1 0 0 0 0 0 1 0 0
457 1 0 0 0 0 0 1 0 0
460 3 0 0 2 0 0 0 0 0
472 3 0 0 1 0 0 1 0 0
477 12 1 1 7 0 0 0 0 0
483 21 1 1 7 0 0 4 0 0
486 1 0 0 1 0 0 0 0 0
487 2 0 0 0 0 0 0 0 0
493 4 1 1 3 0 0 0 0 0
494 4 0 0 1 0 0 1 0 0
496 4 0 0 2 0 0 1 0 0
497 1 0 0 0 0 0 1 0 0
499 3 0 0 0 0 0 0 0 0
500 1 0 0 1 0 0 0 0 0
503 2 1 1 0 0 0 0 0 0
504 4 0 0 2 0 0 0 0 0
506 3 0 0 0 0 0 1 0 0
515 16 1 1 3 0 0 8 0 0
529 3 1 1 2 0 0 1 0 0
531 1 0 0 1 0 0 0 0 0
532 6 0 0 5 0 0 0 0 0
fn=_dl_allocate_tls_storage
354 6 1 1 0 0 0 4 0 0
356 1 0 0 1 0 0 0 0 0
367 3 0 0 1 0 0 3 0 0
368 3 0 0 0 0 0 0 0 0
375 2 1 1 0 0 0 0 0 0
379 313 0 0 0 0 0 305 19 19
390 2 0 0 0 0 0 1 0 0
391 2 0 0 0 0 0 0 0 0
396 5 0 0 4 0 0 0 0 0
fn=_dl_count_modids
110 2 1 1 0 0 0 1 0 0
115 2 0 0 1 0 0 0 0 0
116 2 0 0 2 0 0 0 0 0
fn=_dl_determine_tlsoffset
138 8 1 1 0 0 0 6 0 0
144 3 1 1 1 0 0 0 0 0
147 3 0 0 1 0 0 0 0 0
149 2 0 0 0 0 0 1 0 0
183 9 0 0 5 0 0 0 0 0
185 10 1 1 1 0 0 6 0 0
187 5 1 1 1 0 0 0 0 0
188 1 1 1 1 0 0 0 0 0
190 5 0 0 1 0 0 1 0 0
192 6 0 0 3 0 0 1 0 0
208 8 1 1 1 0 0 1 0 0
210 6 0 0 2 0 0 0 0 0
220 1 0 0 0 0 0 1 0 0
223 10 1 1 3 0 0 1 0 0
224 2 0 0 1 0 0 1 0 0
275 2 0 0 1 0 0 1 0 0
276 6 0 0 5 0 0 0 0 0
fn=_dl_next_tls_modid
49 7 1 1 0 0 0 5 1 1
52 5 0 0 2 0 0 1 0 0
100 1 0 0 0 0 0 1 0 0
104 6 0 0 5 0 0 0 0 0
fn=allocate_dtv
314 6 1 1 0 0 0 4 0 0
321 2 0 0 1 0 0 0 0 0
322 5 0 0 0 0 0 3 0 0
323 3 0 0 0 0 0 0 0 0
326 1 0 0 0 0 0 1 1 1
332 2 0 0 0 0 0 1 0 0
338 5 0 0 4 0 0 0 0 0
fl=/build/glibc-bQZRxl/glibc-2.23/elf/dl-version.c
fn=_dl_check_all_versions
380 5 1 1 0 0 0 4 0 0
384 19 0 0 4 0 0 0 0 0
385 4 0 0 0 0 0 0 0 0
386 40 1 1 4 0 0 4 0 0
389 7 0 0 5 0 0 0 0 0
fn=_dl_check_map_versions
56 22 1 1 8 0 0 0 0 0
57 5 0 0 5 0 0 0 0 0
58 37 0 0 0 0 0 9 0 0
174 32 2 2 0 0 0 20 0 0
175 2 0 0 0 0 0 2 0 0
183 2 0 0 0 0 0 2 0 0
189 20 0 0 4 0 0 4 0 0
190 1 0 0 0 0 0 0 0 0
191 20 0 0 4 0 0 16 0 0
193 12 0 0 4 0 0 4 0 0
194 12 0 0 4 0 0 4 0 0
196 8 1 1 0 0 0 0 0 0
199 6 0 0 4 0 0 2 0 0
203 12 0 0 2 2 2 6 0 0
220 6 0 0 6 0 0 0 0 0
228 6 1 1 2 0 0 0 0 0
233 10 0 0 6 0 0 0 0 0
237 97 1 1 60 1 1 30 0 0
244 16 0 0 4 0 0 0 0 0
247 14 1 1 4 0 0 2 0 0
252 2 0 0 0 0 0 0 0 0
256 8 0 0 4 0 0 0 0 0
270 12 2 2 4 0 0 0 0 0
273 10 0 0 10 0 0 0 0 0
276 168 0 0 41 12 12 2 0 0
279 127 0 0 41 6 6 2 0 0
283 39 0 0 0 0 0 0 0 0
287 12 1 1 6 0 0 0 0 0
292 6 0 0 3 0 0 3 0 0
293 24 0 0 6 0 0 9 0 0
294 9 1 1 0 0 0 0 0 0
302 3 0 0 0 0 0 3 0 0
305 9 0 0 6 0 0 3 0 0
307 9 0 0 3 0 0 0 0 0
310 10 0 0 6 0 0 2 0 0
314 8 0 0 2 0 0 2 0 0
317 4 1 1 4 0 0 0 0 0
319 16 0 0 0 0 0 0 0 0
321 16 0 0 8 0 0 4 0 0
322 12 0 0 0 0 0 4 3 3
323 12 0 0 4 0 0 4 0 0
324 16 0 0 8 0 0 4 0 0
327 14 1 1 6 0 0 0 0 0
332 2 0 0 0 0 0 0 0 0
335 6 0 0 2 0 0 0 0 0
341 2 0 0 2 0 0 0 0 0
345 9 0 0 3 0 0 0 0 0
348 10 0 0 8 0 0 0 0 0
352 39 0 0 39 0 0 0 0 0
354 82 0 0 41 0 0 0 0 0
359 234 0 0 78 0 0 39 9 9
360 117 0 0 39 0 0 39 0 0
361 39 0 0 0 0 0 39 0 0
364 126 1 1 44 0 0 0 0 0
368 39 0 0 0 0 0 0 0 0
374 24 0 0 20 0 0 0 0 0
fn=match_symbol
76 40 2 2 0 0 0 24 0 0
77 12 0 0 12 0 0 0 0 0
85 8 0 0 4 0 0 0 0 0
91 16 0 0 8 0 0 0 0 0
106 4 0 0 4 0 0 0 0 0
107 8 0 0 0 0 0 0 0 0
109 8 0 0 8 0 0 0 0 0
114 30 1 1 15 4 4 0 0 0
128 30 0 0 15 1 1 0 0 0
133 48 2 2 16 0 0 16 0 0
140 33 0 0 11 0 0 0 0 0
144 11 0 0 0 0 0 0 0 0
168 24 0 0 20 0 0 0 0 0
fl=/build/glibc-bQZRxl/glibc-2.23/elf/do-rel.h
fn=_dl_relocate_object
46 8 0 0 0 0 0 0 0 0
47 32 0 0 0 0 0 16 0 0
58 16 0 0 0 0 0 0 0 0
61 71 1 1 43 0 0 0 0 0
83 26 0 0 13 0 0 13 0 0
84 26 1 1 26 0 0 0 0 0
86 36 0 0 10 0 0 5 0 0
98 24 0 0 16 0 0 0 0 0
105 49 1 1 18 0 0 16 0 0
108 26 0 0 10 1 1 0 0 0
111 3781 1 1 2 0 0 0 0 0
112 2510 1 1 1255 157 157 0 0 0
118 52 1 1 26 1 0 0 0 0
121 20 0 0 10 0 0 10 0 0
124 439 2 2 327 0 0 0 0 0
136 594 0 0 396 54 54 0 0 0
137 362 0 0 99 0 0 0 0 0
138 297 0 0 198 0 0 99 0 0
139 297 1 1 198 0 0 99 0 0
160 26 2 2 10 0 0 1 0 0
170 25 0 0 10 0 0 0 0 0
171 15 0 0 10 1 1 5 0 0
fn=_dl_start
83 2 0 0 1 0 0 1 0 0
84 1 0 0 1 0 0 0 0 0
111 35 1 1 1 0 0 0 0 0
112 23 0 0 12 1 1 0 0 0
116 4 0 0 1 0 0 0 0 0
124 25 1 1 7 0 0 2 0 0
136 6 0 0 6 0 0 0 0 0
137 42 1 1 18 0 0 6 0 0
fl=/build/glibc-bQZRxl/glibc-2.23/elf/get-dynamic-info.h
fn=_dl_map_object_from_fd
39 4 0 0 0 0 0 0 0 0
43 2 0 0 0 0 0 0 0 0
45 141 1 1 47 8 8 0 0 0
47 90 0 0 0 0 0 0 0 0
60 42 0 0 0 0 0 0 0 0
61 67 0 0 0 0 0 43 6 6
62 8 0 0 0 0 0 0 0 0
65 8 1 1 0 0 0 0 0 0
68 8 1 1 0 0 0 0 0 0
70 6 0 0 0 0 0 2 0 0
71 45 0 0 0 0 0 0 0 0
78 6 0 0 2 0 0 0 0 0
98 8 0 0 4 0 0 0 0 0
99 10 1 1 6 0 0 0 0 0
100 10 0 0 6 0 0 0 0 0
101 10 0 0 6 0 0 0 0 0
103 6 0 0 2 0 0 0 0 0
106 10 1 1 6 0 0 0 0 0
108 10 0 0 6 0 0 0 0 0
109 8 0 0 4 0 0 0 0 0
110 10 1 1 6 0 0 0 0 0
116 6 0 0 2 0 0 0 0 0
123 6 0 0 2 0 0 0 0 0
128 6 1 1 2 0 0 0 0 0
132 6 0 0 2 0 0 0 0 0
133 6 0 0 4 0 0 0 0 0
145 6 0 0 2 0 0 0 0 0
150 2 0 0 1 0 0 1 0 0
152 2 0 0 0 0 0 0 0 0
154 2 0 0 0 0 0 0 0 0
156 2 0 0 0 0 0 0 0 0
159 6 1 1 2 0 0 0 0 0
161 3 0 0 1 0 0 1 0 0
169 3 0 0 2 0 0 0 0 0
174 2 1 1 0 0 0 0 0 0
177 6 0 0 2 0 0 0 0 0
fn=_dl_start
45 58 0 0 19 3 3 0 0 0
47 36 0 0 0 0 0 0 0 0
60 20 0 0 0 0 0 0 0 0
61 29 0 0 0 0 0 17 3 3
62 4 1 1 0 0 0 0 0 0
65 4 2 2 0 0 0 0 0 0
68 4 1 1 0 0 0 0 0 0
70 3 0 0 0 0 0 1 1 1
71 18 0 0 0 0 0 0 0 0
78 2 0 0 0 0 0 0 0 0
98 4 0 0 2 0 0 0 0 0
99 4 0 0 2 0 0 0 0 0
100 4 1 1 2 0 0 0 0 0
101 4 0 0 2 0 0 0 0 0
106 4 0 0 2 0 0 0 0 0
108 4 0 0 2 0 0 0 0 0
109 4 0 0 2 0 0 0 0 0
110 4 1 1 2 0 0 0 0 0
116 3 0 0 1 0 0 0 0 0
119 2 0 0 1 0 0 0 0 0
132 3 0 0 1 0 0 0 0 0
133 3 0 0 2 0 0 0 0 0
137 3 1 1 1 0 0 0 0 0
139 3 0 0 1 0 0 0 0 0
142 3 0 0 1 0 0 0 0 0
143 3 1 1 1 0 0 0 0 0
fn=dl_main
30 2 1 1 2 0 0 0 0 0
39 2 0 0 0 0 0 0 0 0
43 1 0 0 0 0 0 0 0 0
45 72 0 0 24 4 4 0 0 0
47 46 1 1 0 0 0 0 0 0
60 17 0 0 0 0 0 0 0 0
61 31 0 0 0 0 0 22 3 3
62 4 0 0 0 0 0 0 0 0
65 5 1 1 0 0 0 0 0 0
68 4 1 1 0 0 0 0 0 0
70 3 0 0 0 0 0 1 0 0
71 23 0 0 0 0 0 0 0 0
78 4 0 0 2 0 0 0 0 0
116 4 1 1 2 0 0 0 0 0
123 3 1 1 1 0 0 0 0 0
128 4 0 0 2 0 0 0 0 0
132 4 0 0 2 0 0 0 0 0
133 3 0 0 2 0 0 0 0 0
145 4 1 1 2 0 0 0 0 0
159 4 0 0 2 0 0 0 0 0
177 4 1 1 2 0 0 0 0 0
fl=/build/glibc-bQZRxl/glibc-2.23/elf/rtld.c
fn=_dl_initial_error_catch_tsd
661 8 1 1 0 0 0 4 0 0
663 4 0 0 0 0 0 0 0 0
664 4 0 0 4 0 0 0 0 0
fn=_dl_start
302 2 0 0 0 0 0 1 0 0
303 2 0 0 0 0 0 1 0 0
304 2 1 1 0 0 0 1 0 0
305 2 0 0 0 0 0 1 0 0
306 2 0 0 0 0 0 1 0 0
314 3 0 0 0 0 0 2 0 0
317 1 0 0 0 0 0 1 0 0
323 6 1 0 1 0 0 3 0 0
332 1 0 0 0 0 0 0 0 0
335 4 0 0 2 0 0 2 1 0
339 3 0 0 1 0 0 0 0 0
353 9 1 1 0 0 0 6 1 1
371 3 0 0 0 0 0 2 1 1
394 1 0 0 0 0 0 1 1 1
397 1 1 1 0 0 0 1 1 1
408 2 0 0 0 0 0 0 0 0
413 32 2 2 15 0 0 5 0 0
415 1 0 0 1 1 1 0 0 0
440 7 0 0 5 0 0 0 0 0
fn=dl_main
719 1 0 0 1 0 0 0 0 0
721 3 1 1 1 0 0 1 0 0
730 1 0 0 0 0 0 1 0 0
732 1 0 0 0 0 0 1 0 0
737 1 0 0 0 0 0 1 0 0
790 8 1 1 0 0 0 5 1 1
799 1 0 0 0 0 0 0 0 0
805 1 0 0 0 0 0 1 0 0
809 2 0 0 0 0 0 1 0 0
812 2 0 0 0 0 0 1 1 1
816 2 0 0 0 0 0 1 1 1
817 2 0 0 0 0 0 1 0 0
822 2 0 0 0 0 0 1 0 0
832 5 1 1 3 0 0 0 0 0
1033 10 1 1 1 0 0 4 0 0
1035 3 0 0 1 0 0 0 0 0
1036 2 1 1 1 0 0 1 0 0
1037 2 0 0 1 0 0 1 0 0
1038 3 0 0 2 0 0 1 0 0
1042 3 0 0 0 0 0 1 0 0
1043 5 0 0 2 0 0 1 0 0
1064 2 1 1 1 0 0 1 0 0
1065 1 0 0 0 0 0 1 0 0
1067 1 0 0 0 0 0 1 0 0
1069 1 0 0 1 0 0 0 0 0
1072 32 0 0 3 0 0 0 0 0
1073 71 1 1 9 4 4 0 0 0
1077 3 1 1 2 0 0 1 0 0
1078 1 0 0 0 0 0 0 0 0
1082 3 1 1 2 0 0 1 0 0
1083 1 0 0 0 0 0 0 0 0
1091 2 1 1 1 0 0 1 1 1
1092 2 0 0 2 0 0 0 0 0
1094 4 1 1 1 0 0 2 0 0
1101 3 0 0 1 0 0 0 0 0
1115 5 0 0 0 0 0 2 0 0
1119 1 0 0 0 0 0 1 0 0
1127 10 2 2 4 0 0 0 0 0
1128 10 0 0 5 0 0 3 0 0
1129 4 0 0 2 0 0 0 0 0
1130 1 0 0 0 0 0 1 0 0
1133 4 0 0 2 1 1 0 0 0
1134 4 0 0 2 0 0 0 0 0
1135 2 0 0 0 0 0 2 0 0
1136 6 0 0 3 0 0 0 0 0
1137 2 0 0 0 0 0 1 0 0
1164 3 0 0 2 0 0 1 0 0
1165 1 0 0 0 0 0 0 0 0
1168 2 0 0 1 0 0 1 0 0
1169 2 0 0 1 1 1 1 0 0
1170 1 0 0 0 0 0 0 0 0
1175 5 1 1 3 0 0 0 0 0
1178 2 1 1 0 0 0 0 0 0
1180 2 0 0 0 0 0 0 0 0
1182 4 0 0 2 0 0 0 0 0
1188 4 2 2 3 0 0 0 0 0
1195 4 1 1 2 0 0 0 0 0
1196 14 0 0 5 0 0 5 0 0
1201 1 1 1 0 0 0 1 0 0
1203 1 0 0 0 0 0 1 0 0
1204 1 0 0 0 0 0 1 0 0
1206 4 0 0 2 0 0 0 0 0
1207 3 0 0 1 0 0 1 0 0
1211 3 0 0 2 0 0 0 0 0
1213 3 0 0 0 0 0 0 0 0
1218 2 1 1 1 0 0 1 0 0
1221 2 0 0 1 0 0 0 0 0
1237 6 1 1 1 0 0 2 0 0
1243 11 2 2 3 0 0 2 0 0
1248 3 2 2 2 0 0 1 0 0
1251 4 0 0 1 0 0 2 0 0
1253 1 0 0 0 0 0 1 0 0
1258 3 0 0 1 0 0 0 0 0
1261 4 0 0 3 0 0 1 0 0
1262 6 1 1 2 0 0 2 0 0
1263 3 0 0 2 0 0 1 0 0
1264 2 0 0 0 0 0 1 0 0
1265 1 0 0 1 0 0 0 0 0
1266 2 0 0 2 0 0 0 0 0
1271 2 0 0 1 1 1 0 0 0
1272 7 1 1 2 0 0 1 0 0
1289 3 0 0 2 1 1 0 0 0
1290 3 0 0 2 0 0 0 0 0
1292 4 1 1 2 0 0 0 0 0
1294 3 0 0 0 0 0 1 0 0
1295 2 0 0 1 0 0 1 0 0
1300 3 0 0 0 0 0 0 0 0
1301 5 0 0 1 1 1 0 0 0
1303 3 1 1 2 0 0 1 1 1
1304 2 0 0 1 1 1 1 0 0
1309 4 0 0 2 1 1 0 0 0
1314 4 1 1 2 0 0 0 0 0
1491 2 0 0 0 0 0 2 0 0
1499 4 0 0 2 0 0 0 0 0
1502 2 0 0 1 0 0 1 0 0
1506 4 0 0 2 0 0 0 0 0
1511 2 1 1 1 0 0 1 0 0
1512 2 0 0 0 0 0 1 0 0
1513 1 0 0 0 0 0 0 0 0
1517 4 1 1 2 0 0 0 0 0
1532 4 0 0 2 0 0 0 0 0
1533 1 0 0 0 0 0 0 0 0
1534 1 0 0 0 0 0 0 0 0
1536 4 0 0 2 0 0 0 0 0
1538 3 0 0 0 0 0 2 0 0
1539 7 1 1 2 0 0 3 0 0
1540 1 0 0 0 0 0 0 0 0
1542 7 0 0 4 0 0 2 0 0
1552 9 1 1 1 0 0 3 0 0
1629 4 0 0 2 0 0 0 0 0
1633 6 1 1 0 0 0 0 0 0
1634 1 0 0 0 0 0 0 0 0
1637 2 0 0 0 0 0 1 0 0
1638 1 0 0 1 0 0 0 0 0
1639 2 1 1 0 0 0 0 0 0
1640 2 0 0 0 0 0 0 0 0
1646 3 0 0 0 0 0 2 0 0
1647 12 1 1 2 0 0 4 0 0
1648 1 0 0 0 0 0 0 0 0
1650 7 0 0 5 0 0 2 0 0
1653 16 0 0 4 0 0 0 0 0
1654 12 1 1 8 0 0 0 0 0
1657 4 0 0 3 0 0 1 0 0
1658 4 1 1 1 0 0 0 0 0
1659 1 0 0 0 0 0 1 0 0
1661 8 0 0 0 0 0 0 0 0
1662 13 1 1 8 0 0 0 0 0
1672 2 1 1 0 0 0 1 0 0
1674 3 0 0 2 0 0 1 0 0
1675 3 0 0 1 0 0 0 0 0
1677 3 1 1 1 0 0 1 0 0
1679 3 0 0 0 0 0 0 0 0
1681 3 0 0 1 0 0 0 0 0
1682 1 0 0 1 0 0 0 0 0
1695 2 0 0 0 0 0 0 0 0
1696 2 0 0 1 0 0 1 0 0
1697 4 1 1 2 0 0 0 0 0
1708 5 0 0 1 0 0 1 0 0
1709 2 0 0 1 0 0 1 0 0
1710 7 1 1 1 0 0 2 0 0
1720 2 0 0 1 0 0 1 0 0
1721 3 0 0 1 0 0 0 0 0
1722 2 0 0 0 0 0 2 0 0
1724 4 0 0 2 0 0 0 0 0
1729 3 0 0 1 0 0 0 0 0
1959 4 0 0 2 0 0 0 0 0
2015 5 2 2 2 0 0 1 0 0
2019 4 0 0 2 0 0 2 0 0
2023 2 0 0 1 0 0 1 0 0
2026 2 0 0 1 0 0 0 0 0
2080 6 0 0 2 0 0 0 0 0
2087 1 0 0 1 0 0 0 0 0
2089 3 1 1 0 0 0 2 0 0
2090 6 0 0 2 0 0 1 0 0
2091 11 1 1 0 0 0 0 0 0
2093 12 0 0 12 0 0 0 0 0
2098 8 0 0 8 0 0 0 0 0
2100 10 0 0 0 0 0 0 0 0
2102 1 1 1 0 0 0 1 0 0
2103 1 0 0 1 0 0 0 0 0
2106 4 1 1 4 0 0 0 0 0
2108 8 0 0 4 0 0 0 0 0
2109 33 0 0 12 0 0 15 0 0
2113 23 0 0 6 1 0 0 0 0
2114 5 0 0 0 0 0 2 0 0
2116 1 0 0 0 0 0 0 0 0
2118 6 0 0 3 0 0 2 0 0
2124 3 0 0 1 0 0 0 0 0
2129 6 1 1 3 0 0 0 0 0
2131 2 0 0 2 0 0 0 0 0
2136 3 0 0 1 0 0 1 0 0
2139 3 0 0 2 0 0 0 0 0
2148 4 2 2 3 1 0 0 0 0
2150 3 0 0 1 0 0 0 0 0
2165 3 0 0 0 0 0 0 0 0
2167 2 0 0 2 0 0 0 0 0
2168 6 0 0 3 0 0 5 0 0
2169 1 0 0 0 0 0 0 0 0
2171 7 1 1 2 0 0 2 0 0
2179 1 0 0 0 0 0 1 0 0
2183 4 0 0 2 0 0 0 0 0
2203 4 0 0 0 0 0 1 0 0
2204 1 0 0 0 0 0 1 0 0
2205 1 0 0 0 0 0 1 0 0
2206 1 0 0 0 0 0 0 0 0
2210 1 0 0 0 0 0 1 0 0
2215 6 0 0 5 0 0 0 0 0
2383 2 1 1 1 0 0 1 0 0
2385 1 1 1 0 0 0 1 0 0
2386 1 0 0 0 0 0 1 0 0
2390 10 0 0 1 0 0 3 0 0
2392 15 1 1 3 0 0 3 1 1
2396 107 0 0 21 1 1 0 0 0
2397 19 0 0 0 0 0 0 0 0
2399 4 0 0 0 0 0 0 0 0
2405 14 1 1 4 2 2 0 0 0
2426 10 1 1 1 0 0 4 0 0
2433 10 2 2 1 0 0 4 0 0
2435 3 0 0 0 0 0 1 0 0
2480 4 1 1 2 0 0 0 0 0
2481 9 0 0 0 0 0 4 0 0
2483 3 1 1 0 0 0 1 1 1
2534 2 0 0 0 0 0 1 0 0
2543 2 0 0 0 0 0 1 1 1
2553 4 0 0 2 0 0 0 0 0
2583 4 0 0 2 0 0 0 0 0
fn=do_preload
670 9 2 2 0 0 0 6 1 1
672 1 0 0 0 0 0 1 0 0
676 1 0 0 0 0 0 1 0 0
677 1 0 0 0 0 0 1 0 0
678 1 0 0 0 0 0 1 0 0
680 1 0 0 1 0 0 0 0 0
682 9 1 1 0 0 0 3 0 0
683 5 0 0 3 0 0 0 0 0
693 3 0 0 1 0 0 0 0 0
697 6 0 0 5 0 0 0 0 0
fn=handle_ld_preload
108 3 0 0 1 0 0 0 0 0
113 1 1 1 0 0 0 1 0 0
757 8 1 1 1 0 0 5 0 0
758 1 0 0 0 0 0 1 1 1
762 6 0 0 2 0 0 0 0 0
766 2 0 0 0 0 0 0 0 0
768 8 0 0 1 0 0 5 0 0
769 4 0 0 1 0 0 1 0 0
776 4 0 0 0 0 0 0 0 0
779 2 0 0 1 0 0 0 0 0
780 8 2 2 4 0 0 2 0 0
783 7 0 0 6 0 0 0 0 0
fn=init_tls
589 7 1 0 0 0 0 4 0 0
591 2 1 1 1 0 0 1 0 0
595 2 0 0 1 0 0 0 0 0
604 1 0 0 0 0 0 1 0 0
605 7 0 0 0 0 0 5 0 0
610 1 0 0 0 0 0 0 0 0
611 2 0 0 0 0 0 1 0 0
612 1 0 0 0 0 0 1 1 1
616 3 0 0 1 1 1 0 0 0
617 1 0 0 0 0 0 0 0 0
618 11 1 1 1 0 0 0 0 0
619 8 0 0 4 0 0 0 0 0
620 8 0 0 4 0 0 0 0 0
624 1 0 0 0 0 0 1 0 0
626 1 0 0 0 0 0 0 0 0
628 2 1 1 0 0 0 0 0 0
631 1 0 0 0 0 0 1 0 0
638 2 0 0 0 0 0 1 0 0
639 2 0 0 0 0 0 0 0 0
645 2 1 1 1 0 0 1 0 0
648 12 0 0 2 0 0 3 0 0
651 1 0 0 0 0 0 1 0 0
653 2 0 0 0 0 0 0 0 0
654 5 1 1 4 0 0 0 0 0
fn=map_doit
496 3 1 1 1 0 0 1 0 0
498 1 0 0 1 0 0 0 0 0
499 10 0 0 2 0 0 5 1 1
501 3 0 0 2 0 0 0 0 0
fn=rtld_lock_default_lock_recursive
703 4 1 1 4 0 0 0 0 0
704 8 0 0 8 0 0 0 0 0
fn=rtld_lock_default_unlock_recursive
709 4 0 0 4 0 0 0 0 0
710 8 0 0 8 0 0 0 0 0
fn=version_check_doit
529 3 2 2 1 0 0 1 0 0
531 8 0 0 2 0 0 2 0 0
535 3 0 0 2 0 0 0 0 0
fl=/build/glibc-bQZRxl/glibc-2.23/elf/setup-vdso.h
fn=dl_main
24 4 0 0 2 0 0 0 0 0
fl=/build/glibc-bQZRxl/glibc-2.23/io/../sysdeps/unix/syscall-template.S
fn=access
84 24 1 1 6 0 0 0 0 0
fn=close
84 21 0 0 3 0 0 0 0 0
85 3 0 0 3 0 0 0 0 0
fn=open
84 171 1 1 76 0 0 19 0 0
85 3 1 1 3 0 0 0 0 0
fn=read
84 18 0 0 8 0 0 2 0 0
85 2 0 0 2 0 0 0 0 0
fl=/build/glibc-bQZRxl/glibc-2.23/io/../sysdeps/unix/sysv/linux/fxstat64.c
fn=__fxstat64
33 3 1 1 0 0 0 3 0 0
35 24 1 1 6 0 0 3 0 0
41 6 0 0 6 0 0 0 0 0
fl=/build/glibc-bQZRxl/glibc-2.23/io/../sysdeps/unix/sysv/linux/xstat64.c
fn=__xstat64
33 16 1 1 0 0 0 16 0 0
35 173 0 0 32 0 0 31 0 0
41 32 0 0 32 0 0 0 0 0
fl=/build/glibc-bQZRxl/glibc-2.23/libio/genops.c
fn=_IO_cleanup
888 13 0 0 4 0 0 0 0 0
890 6 1 1 3 0 0 0 0 0
892 6 0 0 2 0 0 0 0 0
898 1 0 0 1 0 0 0 0 0
928 3 0 0 0 0 0 3 0 0
948 7 2 2 0 0 0 5 0 0
951 3 0 0 0 0 0 3 0 0
963 7 1 1 6 0 0 0 0 0
fn=_IO_flush_all_lockp
760 8 2 2 1 0 0 5 0 0
766 4 1 1 0 0 0 2 0 0
771 1 0 0 1 1 1 0 0 0
772 1 1 1 1 1 1 0 0 0
773 8 0 0 0 0 0 0 0 0
775 3 0 0 0 0 0 3 0 0
776 6 1 1 0 0 0 0 0 0
777 3 1 1 1 0 0 1 0 0
779 18 1 1 9 6 6 0 0 0
789 6 1 1 0 0 0 0 0 0
791 3 0 0 0 0 0 3 0 0
793 11 1 1 3 0 0 0 0 0
800 3 0 0 3 2 2 0 0 0
804 2 0 0 0 0 0 0 0 0
806 3 0 0 1 0 0 0 0 0
810 7 0 0 6 0 0 0 0 0
fl=/build/glibc-bQZRxl/glibc-2.23/libio/oldstdfiles.c
fn=_IO_check_libio
77 2 1 1 0 0 0 1 0 0
78 3 1 1 1 0 0 0 0 0
91 1 0 0 1 0 0 0 0 0
fl=/build/glibc-bQZRxl/glibc-2.23/math/../sysdeps/i386/fpu/s_frexp.S
fn=???
58 8 2 2 8 0 0 0 0 0
fl=/build/glibc-bQZRxl/glibc-2.23/misc/../sysdeps/unix/syscall-template.S
fn=mprotect
84 45 0 0 20 0 0 5 0 0
85 5 0 0 5 0 0 0 0 0
fn=munmap
84 8 1 1 2 0 0 0 0 0
85 1 0 0 1 0 0 0 0 0
fl=/build/glibc-bQZRxl/glibc-2.23/misc/../sysdeps/unix/sysv/linux/i386/mmap.c
fn=mmap
29 112 2 2 48 0 0 48 0 0
30 16 0 0 0 0 0 0 0 0
32 48 0 0 0 0 0 0 0 0
34 48 0 0 40 0 0 0 0 0
fl=/build/glibc-bQZRxl/glibc-2.23/misc/init-misc.c
fn=__init_misc
30 6 1 1 1 0 0 4 0 0
31 5 0 0 1 0 0 0 0 0
33 5 0 0 0 0 0 3 0 0
34 2 0 0 0 0 0 0 0 0
37 3 1 1 1 0 0 1 0 0
38 3 0 0 2 0 0 1 0 0
40 4 0 0 4 0 0 0 0 0
fl=/build/glibc-bQZRxl/glibc-2.23/nptl/unregister-atfork.c
fn=__unregister_atfork
28 11 1 1 1 0 0 7 0 0
36 1 0 0 1 1 1 0 0 0
39 2 1 1 0 0 0 0 0 0
121 6 0 0 5 0 0 0 0 0
fl=/build/glibc-bQZRxl/glibc-2.23/posix/../sysdeps/unix/syscall-template.S
fn=uname
84 7 2 2 1 0 0 0 0 0
85 1 0 0 1 0 0 0 0 0
fl=/build/glibc-bQZRxl/glibc-2.23/posix/../sysdeps/unix/sysv/linux/i386/_exit.S
fn=_Exit
24 1 1 1 1 0 0 0 0 0
28 1 0 0 0 0 0 0 0 0
29 1 0 0 1 0 0 1 0 0
fl=/build/glibc-bQZRxl/glibc-2.23/setjmp/../sysdeps/i386/bsd-_setjmp.S
fn=_setjmp
33 1 1 1 0 0 0 0 0 0
34 1 0 0 1 0 0 0 0 0
37 1 0 0 0 0 0 1 0 0
38 1 0 0 0 0 0 1 0 0
39 1 0 0 0 0 0 1 0 0
40 1 0 0 0 0 0 0 0 0
42 2 0 0 1 0 0 0 0 0
44 1 0 0 0 0 0 1 0 0
45 1 0 0 1 0 0 0 0 0
46 1 0 0 0 0 0 0 0 0
48 2 0 0 1 0 0 0 0 0
50 1 0 0 0 0 0 1 0 0
51 1 0 0 0 0 0 1 0 0
53 1 0 0 0 0 0 1 0 0
54 1 0 0 1 0 0 0 0 0
fl=/build/glibc-bQZRxl/glibc-2.23/setjmp/../sysdeps/i386/setjmp.S
fn=__sigsetjmp
30 3 0 0 3 0 0 0 0 0
33 3 0 0 0 0 0 3 0 0
34 3 0 0 0 0 0 3 0 0
35 3 0 0 0 0 0 3 0 0
36 3 0 0 0 0 0 0 0 0
40 3 1 1 0 0 0 3 0 0
41 3 0 0 3 0 0 0 0 0
42 3 0 0 0 0 0 0 0 0
46 3 0 0 0 0 0 3 0 0
47 3 0 0 0 0 0 3 0 0
51 3 0 0 0 0 0 0 0 0
52 3 0 0 3 0 0 0 0 0
fl=/build/glibc-bQZRxl/glibc-2.23/stdlib/cxa_atexit.c
fn=__cxa_atexit
35 3 0 0 0 0 0 2 0 0
37 3 0 0 0 0 0 0 0 0
41 3 0 0 2 0 0 0 0 0
43 1 0 0 0 0 0 1 0 0
44 2 0 0 1 0 0 1 0 0
45 2 1 1 1 0 0 1 0 0
47 1 0 0 0 0 0 1 0 0
48 1 0 0 0 0 0 0 0 0
57 4 1 1 0 0 0 2 0 0
59 3 0 0 2 0 0 0 0 0
fn=__new_exitfn
73 5 1 1 0 0 0 4 0 0
79 8 0 0 2 1 1 1 0 0
81 10 2 2 3 1 0 0 0 0
83 3 0 0 1 1 1 0 0 0
91 2 0 0 0 0 0 1 0 0
112 1 1 1 0 0 0 0 0 0
113 2 0 0 0 0 0 1 0 0
126 1 1 1 0 0 0 1 0 0
127 2 0 0 2 1 1 0 0 0
130 4 0 0 2 0 0 0 0 0
133 7 0 0 5 0 0 0 0 0
fl=/build/glibc-bQZRxl/glibc-2.23/stdlib/cxa_finalize.c
fn=__cxa_finalize
31 9 0 0 1 0 0 6 0 0
35 9 3 3 3 0 0 0 0 0
39 7 0 0 1 0 0 0 0 0
67 9 1 1 3 0 0 0 0 0
71 8 0 0 1 1 1 0 0 0
79 2 0 0 0 0 0 0 0 0
80 2 0 0 0 0 0 1 0 0
82 5 0 0 4 0 0 0 0 0
fl=/build/glibc-bQZRxl/glibc-2.23/stdlib/cxa_thread_atexit_impl.c
fn=__call_tls_dtors
145 7 1 1 0 0 0 5 0 0
146 5 0 0 3 3 3 0 0 0
164 6 2 2 5 0 0 0 0 0
fl=/build/glibc-bQZRxl/glibc-2.23/stdlib/exit.c
fn=__run_exit_handlers
35 11 1 1 3 0 0 6 1 1
40 2 0 0 1 1 1 1 0 0
46 9 0 0 2 1 1 0 0 0
50 6 0 0 0 0 0 0 0 0
52 1 0 0 0 0 0 1 0 0
53 1 0 0 0 0 0 0 0 0
54 5 1 1 1 0 0 0 0 0
69 1 1 1 0 0 0 0 0 0
80 3 0 0 2 0 0 0 0 0
82 5 0 0 1 0 0 3 0 0
83 2 0 0 0 0 0 0 0 0
87 2 0 0 1 0 0 1 0 0
88 2 0 0 0 0 0 0 0 0
94 2 0 0 1 0 0 0 0 0
95 9 1 1 1 1 1 1 0 0
97 3 0 0 0 0 0 2 0 0
fn=exit
103 3 1 1 0 0 0 1 0 0
104 5 0 0 1 0 0 4 0 0
fl=/build/glibc-bQZRxl/glibc-2.23/string/../bits/stdlib-bsearch.h
fn=intel_check_word
27 30 0 0 0 0 0 0 0 0
28 60 0 0 0 0 0 0 0 0
29 389 0 0 0 0 0 0 0 0
31 518 0 0 0 0 0 0 0 0
32 196 0 0 0 0 0 0 0 0
37 63 0 0 0 0 0 0 0 0
fl=/build/glibc-bQZRxl/glibc-2.23/string/../sysdeps/i386/i686/multiarch/../../i586/strchr.S
fn=index
45 7 1 1 0 0 0 7 0 0
47 7 0 0 0 0 0 7 0 0
50 7 0 0 0 0 0 7 0 0
52 7 0 0 0 0 0 7 0 0
55 7 0 0 7 0 0 0 0 0
56 7 0 0 7 0 0 0 0 0
58 7 0 0 0 0 0 0 0 0
60 7 0 0 0 0 0 0 0 0
66 7 1 1 0 0 0 0 0 0
67 7 0 0 0 0 0 0 0 0
69 7 0 0 0 0 0 0 0 0
70 7 0 0 0 0 0 0 0 0
72 7 0 0 0 0 0 0 0 0
73 7 0 0 0 0 0 0 0 0
75 7 0 0 0 0 0 0 0 0
77 4 0 0 0 0 0 0 0 0
78 4 0 0 0 0 0 0 0 0
80 3 0 0 3 2 2 0 0 0
81 3 0 0 0 0 0 0 0 0
83 3 0 0 0 0 0 0 0 0
84 3 0 0 0 0 0 0 0 0
86 3 0 0 3 0 0 0 0 0
87 3 0 0 0 0 0 0 0 0
89 3 0 0 0 0 0 0 0 0
90 3 0 0 0 0 0 0 0 0
92 3 0 0 0 0 0 0 0 0
93 3 0 0 0 0 0 0 0 0
95 3 0 0 0 0 0 0 0 0
96 3 0 0 0 0 0 0 0 0
98 3 0 0 0 0 0 0 0 0
100 4 0 0 4 0 0 0 0 0
102 4 1 1 0 0 0 0 0 0
103 4 0 0 0 0 0 0 0 0
105 4 0 0 0 0 0 0 0 0
106 4 0 0 0 0 0 0 0 0
108 4 0 0 0 0 0 0 0 0
118 7 0 0 7 0 0 0 0 0
119 7 0 0 0 0 0 0 0 0
121 7 0 0 0 0 0 0 0 0
122 7 0 0 0 0 0 0 0 0
147 9 0 0 0 0 0 0 0 0
148 9 0 0 0 0 0 0 0 0
150 9 0 0 0 0 0 0 0 0
151 9 0 0 0 0 0 0 0 0
153 9 0 0 0 0 0 0 0 0
154 9 0 0 0 0 0 0 0 0
156 9 0 0 0 0 0 0 0 0
157 9 0 0 0 0 0 0 0 0
159 9 1 1 0 0 0 0 0 0
160 9 0 0 0 0 0 0 0 0
162 9 0 0 9 0 0 0 0 0
163 9 0 0 0 0 0 0 0 0
165 9 0 0 0 0 0 0 0 0
166 9 0 0 0 0 0 0 0 0
168 9 0 0 0 0 0 0 0 0
169 9 0 0 0 0 0 0 0 0
171 9 0 0 0 0 0 0 0 0
172 9 0 0 0 0 0 0 0 0
174 9 0 0 0 0 0 0 0 0
175 9 0 0 0 0 0 0 0 0
177 8 0 0 0 0 0 0 0 0
178 8 0 0 0 0 0 0 0 0
180 8 0 0 0 0 0 0 0 0
181 8 0 0 0 0 0 0 0 0
183 8 0 0 0 0 0 0 0 0
184 8 0 0 0 0 0 0 0 0
186 8 0 0 0 0 0 0 0 0
187 8 1 1 0 0 0 0 0 0
189 6 0 0 0 0 0 0 0 0
190 6 0 0 0 0 0 0 0 0
192 6 0 0 6 0 0 0 0 0
193 6 0 0 0 0 0 0 0 0
195 6 0 0 0 0 0 0 0 0
196 6 0 0 0 0 0 0 0 0
198 6 0 0 0 0 0 0 0 0
199 6 0 0 0 0 0 0 0 0
201 6 0 0 0 0 0 0 0 0
202 6 0 0 0 0 0 0 0 0
204 6 0 0 0 0 0 0 0 0
205 6 0 0 0 0 0 0 0 0
207 6 0 0 0 0 0 0 0 0
208 6 0 0 0 0 0 0 0 0
210 6 0 0 0 0 0 0 0 0
211 6 0 0 0 0 0 0 0 0
213 6 0 0 0 0 0 0 0 0
214 6 1 1 0 0 0 0 0 0
216 6 0 0 0 0 0 0 0 0
217 6 0 0 0 0 0 0 0 0
219 5 0 0 0 0 0 0 0 0
220 5 0 0 0 0 0 0 0 0
222 5 0 0 5 0 0 0 0 0
223 5 0 0 0 0 0 0 0 0
225 5 0 0 0 0 0 0 0 0
226 5 0 0 0 0 0 0 0 0
228 5 0 0 0 0 0 0 0 0
229 5 0 0 0 0 0 0 0 0
231 5 0 0 0 0 0 0 0 0
232 5 0 0 0 0 0 0 0 0
234 5 0 0 0 0 0 0 0 0
235 5 0 0 0 0 0 0 0 0
237 5 0 0 0 0 0 0 0 0
238 5 0 0 0 0 0 0 0 0
240 5 0 0 0 0 0 0 0 0
241 5 0 0 0 0 0 0 0 0
243 4 0 0 0 0 0 0 0 0
244 4 0 0 0 0 0 0 0 0
246 4 0 0 0 0 0 0 0 0
247 4 0 0 0 0 0 0 0 0
249 2 0 0 0 0 0 0 0 0
250 2 0 0 0 0 0 0 0 0
252 2 0 0 2 0 0 0 0 0
253 2 0 0 0 0 0 0 0 0
255 2 0 0 0 0 0 0 0 0
256 2 0 0 0 0 0 0 0 0
258 2 0 0 0 0 0 0 0 0
259 2 0 0 0 0 0 0 0 0
261 2 0 0 0 0 0 0 0 0
262 2 0 0 0 0 0 0 0 0
264 2 0 0 0 0 0 0 0 0
266 2 0 0 0 0 0 0 0 0
270 1 0 0 0 0 0 0 0 0
271 1 0 0 0 0 0 0 0 0
273 1 0 0 0 0 0 0 0 0
288 7 1 1 7 0 0 0 0 0
291 7 0 0 7 0 0 0 0 0
295 7 0 0 7 0 0 0 0 0
298 7 0 0 7 0 0 0 0 0
302 7 0 0 7 0 0 0 0 0
311 6 0 0 0 0 0 0 0 0
312 6 0 0 0 0 0 0 0 0
314 6 0 0 0 0 0 0 0 0
316 6 0 0 0 0 0 0 0 0
317 6 0 0 0 0 0 0 0 0
319 6 0 0 0 0 0 0 0 0
321 6 0 0 0 0 0 0 0 0
322 6 0 0 0 0 0 0 0 0
324 6 0 0 0 0 0 0 0 0
325 6 0 0 0 0 0 0 0 0
327 4 0 0 0 0 0 0 0 0
328 4 0 0 0 0 0 0 0 0
330 4 0 0 0 0 0 0 0 0
331 4 0 0 0 0 0 0 0 0
333 4 0 0 0 0 0 0 0 0
334 4 0 0 0 0 0 0 0 0
342 6 0 0 0 0 0 0 0 0
343 6 0 0 0 0 0 0 0 0
fl=/build/glibc-bQZRxl/glibc-2.23/string/../sysdeps/i386/i686/multiarch/../../i586/strlen.S
fn=strlen
43 15 1 1 15 0 0 0 0 0
44 15 0 0 0 0 0 0 0 0
46 15 0 0 0 0 0 0 0 0
48 15 0 0 0 0 0 0 0 0
49 5 0 0 0 0 0 0 0 0
51 3 1 1 3 0 0 0 0 0
52 3 0 0 0 0 0 0 0 0
54 3 0 0 0 0 0 0 0 0
55 3 0 0 3 0 0 0 0 0
57 3 0 0 0 0 0 0 0 0
59 3 0 0 0 0 0 0 0 0
60 3 0 0 0 0 0 0 0 0
62 3 0 0 0 0 0 0 0 0
64 5 0 0 5 0 0 0 0 0
65 5 0 0 0 0 0 0 0 0
67 5 0 0 0 0 0 0 0 0
68 5 0 0 0 0 0 0 0 0
94 24 0 0 24 3 3 0 0 0
95 24 0 0 0 0 0 0 0 0
97 24 0 0 0 0 0 0 0 0
98 24 0 0 0 0 0 0 0 0
100 24 0 0 0 0 0 0 0 0
101 24 0 0 0 0 0 0 0 0
103 23 0 0 0 0 0 0 0 0
105 23 0 0 0 0 0 0 0 0
107 23 0 0 0 0 0 0 0 0
110 22 0 0 22 0 0 0 0 0
111 22 0 0 0 0 0 0 0 0
113 22 1 1 0 0 0 0 0 0
114 22 0 0 0 0 0 0 0 0
116 22 0 0 0 0 0 0 0 0
117 22 0 0 0 0 0 0 0 0
119 20 0 0 0 0 0 0 0 0
121 20 0 0 0 0 0 0 0 0
123 20 0 0 0 0 0 0 0 0
126 18 0 0 18 0 0 0 0 0
127 18 0 0 0 0 0 0 0 0
129 18 0 0 0 0 0 0 0 0
130 18 0 0 0 0 0 0 0 0
132 18 0 0 0 0 0 0 0 0
133 18 0 0 0 0 0 0 0 0
135 18 0 0 0 0 0 0 0 0
137 18 0 0 0 0 0 0 0 0
139 18 0 0 0 0 0 0 0 0
142 18 0 0 18 0 0 0 0 0
143 18 0 0 0 0 0 0 0 0
145 18 0 0 0 0 0 0 0 0
146 18 0 0 0 0 0 0 0 0
148 18 0 0 0 0 0 0 0 0
149 18 0 0 0 0 0 0 0 0
151 13 0 0 0 0 0 0 0 0
153 13 0 0 0 0 0 0 0 0
155 13 0 0 0 0 0 0 0 0
158 15 1 1 0 0 0 0 0 0
159 15 0 0 0 0 0 0 0 0
161 15 0 0 0 0 0 0 0 0
162 15 0 0 0 0 0 0 0 0
164 11 0 0 0 0 0 0 0 0
165 11 0 0 0 0 0 0 0 0
167 11 0 0 0 0 0 0 0 0
169 4 0 0 0 0 0 0 0 0
170 4 0 0 0 0 0 0 0 0
172 4 0 0 0 0 0 0 0 0
173 4 0 0 0 0 0 0 0 0
177 15 0 0 15 0 0 0 0 0
180 15 0 0 15 0 0 0 0 0
fl=/build/glibc-bQZRxl/glibc-2.23/string/../sysdeps/i386/i686/multiarch/../../strrchr.S
fn=__GI_strrchr
33 1 1 1 0 0 0 1 0 0
36 1 0 0 0 0 0 1 0 0
39 1 0 0 0 0 0 0 0 0
40 1 0 0 1 0 0 0 0 0
42 1 0 0 1 0 0 0 0 0
48 1 0 0 0 0 0 0 0 0
49 1 0 0 0 0 0 0 0 0
50 1 0 0 0 0 0 0 0 0
51 1 0 0 0 0 0 0 0 0
64 1 0 0 0 0 0 0 0 0
65 1 0 0 0 0 0 0 0 0
66 1 0 0 1 0 0 0 0 0
67 1 0 0 0 0 0 0 0 0
68 1 0 0 0 0 0 0 0 0
70 1 0 0 0 0 0 0 0 0
71 1 0 0 0 0 0 0 0 0
72 1 0 0 0 0 0 0 0 0
74 1 0 0 0 0 0 0 0 0
75 1 0 0 0 0 0 0 0 0
154 1 0 0 0 0 0 0 0 0
155 1 0 0 0 0 0 0 0 0
156 1 0 0 0 0 0 0 0 0
157 1 0 0 0 0 0 0 0 0
158 1 0 0 0 0 0 0 0 0
166 1 0 0 0 0 0 0 0 0
167 1 0 0 0 0 0 0 0 0
168 1 0 0 0 0 0 0 0 0
171 1 0 0 0 0 0 0 0 0
173 2 1 1 2 0 0 0 0 0
174 2 0 0 0 0 0 0 0 0
175 2 0 0 0 0 0 0 0 0
186 2 0 0 0 0 0 0 0 0
190 2 0 0 0 0 0 0 0 0
193 2 0 0 0 0 0 0 0 0
194 2 0 0 0 0 0 0 0 0
198 2 1 1 0 0 0 0 0 0
204 2 0 0 0 0 0 0 0 0
206 2 0 0 0 0 0 0 0 0
207 2 0 0 0 0 0 0 0 0
210 2 0 0 0 0 0 0 0 0
211 2 0 0 0 0 0 0 0 0
212 2 0 0 0 0 0 0 0 0
213 2 0 0 0 0 0 0 0 0
215 2 0 0 0 0 0 0 0 0
217 1 0 0 1 0 0 0 0 0
218 1 0 0 0 0 0 0 0 0
219 1 0 0 0 0 0 0 0 0
222 1 0 0 0 0 0 0 0 0
292 1 1 1 0 0 0 0 0 0
300 1 0 0 0 0 0 0 0 0
301 1 0 0 0 0 0 0 0 0
303 1 0 0 0 0 0 0 0 0
304 1 0 0 0 0 0 0 0 0
323 1 0 0 1 0 0 0 0 0
326 1 0 0 1 0 0 0 0 0
330 1 0 0 1 0 0 0 0 0
fl=/build/glibc-bQZRxl/glibc-2.23/string/../sysdeps/i386/i686/multiarch/../memcmp.S
fn=???
80 646 1 1 646 0 0 0 0 0
fn=bcmp
46 13 1 1 0 0 0 13 0 0
48 13 0 0 13 0 0 0 0 0
49 13 0 0 13 0 0 0 0 0
50 13 0 0 13 0 0 0 0 0
52 13 0 0 0 0 0 0 0 0
53 13 1 1 0 0 0 0 0 0
71 13 0 0 0 0 0 0 0 0
73 13 0 0 0 0 0 13 0 0
75 13 0 0 0 0 0 0 0 0
77 13 0 0 0 0 0 0 0 0
78 52 0 0 13 2 2 13 0 0
81 13 0 0 0 0 0 0 0 0
82 13 0 0 0 0 0 0 0 0
83 13 0 0 0 0 0 0 0 0
97 1 0 0 1 1 1 0 0 0
98 1 0 0 1 0 0 0 0 0
99 1 0 0 0 0 0 0 0 0
100 1 0 0 0 0 0 0 0 0
102 4 0 0 4 2 2 0 0 0
103 4 0 0 4 0 0 0 0 0
104 4 0 0 0 0 0 0 0 0
105 4 0 0 0 0 0 0 0 0
107 5 1 1 5 0 0 0 0 0
108 5 0 0 5 1 1 0 0 0
109 5 0 0 0 0 0 0 0 0
110 5 1 1 0 0 0 0 0 0
112 6 0 0 6 1 1 0 0 0
113 6 0 0 6 2 2 0 0 0
114 6 0 0 0 0 0 0 0 0
115 6 0 0 0 0 0 0 0 0
117 6 0 0 6 0 0 0 0 0
118 6 0 0 6 0 0 0 0 0
119 6 0 0 0 0 0 0 0 0
120 6 0 0 0 0 0 0 0 0
122 5 0 0 5 0 0 0 0 0
125 5 0 0 0 0 0 0 0 0
126 10 0 0 10 0 0 0 0 0
256 1 0 0 1 1 1 0 0 0
257 1 0 0 1 1 1 0 0 0
258 1 0 0 0 0 0 0 0 0
259 1 0 0 0 0 0 0 0 0
261 5 1 1 5 0 0 0 0 0
262 5 0 0 5 2 2 0 0 0
263 5 0 0 0 0 0 0 0 0
264 5 0 0 0 0 0 0 0 0
266 4 0 0 4 0 0 0 0 0
267 4 1 1 4 0 0 0 0 0
268 4 0 0 0 0 0 0 0 0
269 4 0 0 0 0 0 0 0 0
270 4 0 0 0 0 0 0 0 0
271 4 0 0 0 0 0 0 0 0
272 4 0 0 4 0 0 0 0 0
273 4 0 0 4 0 0 0 0 0
274 4 0 0 0 0 0 0 0 0
275 4 0 0 4 0 0 0 0 0
278 4 0 0 0 0 0 0 0 0
279 8 0 0 8 0 0 0 0 0
349 4 1 1 0 0 0 0 0 0
350 4 0 0 0 0 0 0 0 0
351 1 0 0 0 0 0 0 0 0
352 1 0 0 0 0 0 0 0 0
353 1 0 0 0 0 0 0 0 0
354 1 0 0 0 0 0 0 0 0
355 1 0 0 0 0 0 0 0 0
356 1 0 0 0 0 0 0 0 0
359 1 0 0 0 0 0 0 0 0
361 4 0 0 0 0 0 0 0 0
362 4 0 0 0 0 0 0 0 0
363 4 1 1 4 0 0 0 0 0
366 8 0 0 8 0 0 0 0 0
fl=/build/glibc-bQZRxl/glibc-2.23/string/../sysdeps/i386/i686/multiarch/../memcpy.S
fn=memcpy
40 14 1 1 0 0 0 0 0 0
41 14 0 0 14 0 0 0 0 0
42 14 0 0 0 0 0 0 0 0
43 14 0 0 14 0 0 0 0 0
45 14 0 0 0 0 0 0 0 0
46 14 0 0 0 0 0 0 0 0
47 14 0 0 0 0 0 0 0 0
48 14 0 0 14 0 0 0 0 0
49 14 0 0 0 0 0 0 0 0
50 14 0 0 0 0 0 0 0 0
52 10 0 0 0 0 0 0 0 0
53 10 0 0 0 0 0 0 0 0
55 9 0 0 0 0 0 0 0 0
56 9 0 0 0 0 0 0 0 0
67 9 0 0 0 0 0 9 0 0
68 9 0 0 0 0 0 0 0 0
69 9 0 0 0 0 0 0 0 0
70 9 0 0 0 0 0 0 0 0
71 51 0 0 42 0 0 42 4 4
73 9 0 0 0 0 0 0 0 0
74 18 0 0 9 0 0 9 0 0
76 9 0 0 9 0 0 0 0 0
78 14 0 0 0 0 0 0 0 0
79 14 0 0 0 0 0 0 0 0
80 14 0 0 14 0 0 0 0 0
82 14 0 0 14 0 0 0 0 0
88 5 1 1 0 0 0 0 0 0
89 5 0 0 0 0 0 0 0 0
90 3 0 0 3 0 0 3 2 2
91 5 0 0 0 0 0 0 0 0
92 5 0 0 0 0 0 0 0 0
93 3 0 0 3 0 0 3 1 1
94 28 0 0 23 0 0 23 0 0
96 5 0 0 0 0 0 0 0 0
fl=/build/glibc-bQZRxl/glibc-2.23/string/../sysdeps/i386/i686/multiarch/../mempcpy.S
fn=mempcpy
40 61 1 1 61 0 0 0 0 0
41 61 0 0 0 0 0 0 0 0
43 61 0 0 61 0 0 0 0 0
44 61 0 0 0 0 0 0 0 0
46 61 0 0 61 0 0 0 0 0
47 61 0 0 0 0 0 0 0 0
48 61 0 0 0 0 0 0 0 0
49 61 0 0 0 0 0 0 0 0
50 26 0 0 26 2 2 26 2 2
51 61 0 0 0 0 0 0 0 0
52 61 0 0 0 0 0 0 0 0
53 32 0 0 32 0 0 32 1 1
54 159 0 0 98 1 0 98 3 3
56 61 0 0 0 0 0 0 0 0
58 61 0 0 0 0 0 0 0 0
61 61 0 0 61 0 0 0 0 0
fl=/build/glibc-bQZRxl/glibc-2.23/string/../sysdeps/i386/i686/multiarch/../memset.S
fn=memset
45 9 1 1 0 0 0 0 0 0
46 9 0 0 0 0 0 9 0 0
48 9 0 0 9 0 0 0 0 0
49 9 0 0 9 0 0 0 0 0
53 9 0 0 9 0 0 0 0 0
55 9 1 1 0 0 0 0 0 0
56 9 0 0 0 0 0 0 0 0
58 9 0 0 0 0 0 0 0 0
59 9 0 0 0 0 0 0 0 0
60 2 0 0 0 0 0 0 0 0
61 2 0 0 0 0 0 2 0 0
62 2 0 0 0 0 0 0 0 0
63 2 0 0 0 0 0 0 0 0
64 2 0 0 0 0 0 2 0 0
65 2 0 0 0 0 0 0 0 0
66 2 0 0 0 0 0 0 0 0
71 7 0 0 0 0 0 0 0 0
72 7 0 0 0 0 0 0 0 0
73 7 0 0 0 0 0 0 0 0
75 7 0 0 0 0 0 0 0 0
77 105 0 0 0 0 0 98 7 7
79 7 0 0 0 0 0 0 0 0
80 7 0 0 0 0 0 0 0 0
85 9 0 0 9 0 0 0 0 0
87 9 0 0 9 0 0 0 0 0
91 9 0 0 9 0 0 0 0 0
fl=/build/glibc-bQZRxl/glibc-2.23/string/../sysdeps/i386/i686/multiarch/../strcmp.S
fn=strcmp
30 170 1 1 170 0 0 0 0 0
31 170 0 0 170 0 0 0 0 0
33 1152 0 0 1152 14 11 0 0 0
34 1152 0 0 1152 2 2 0 0 0
35 1152 0 0 0 0 0 0 0 0
36 1083 0 0 0 0 0 0 0 0
37 1083 0 0 0 0 0 0 0 0
38 1083 0 0 0 0 0 0 0 0
39 1083 0 0 0 0 0 0 0 0
41 101 0 0 0 0 0 0 0 0
44 101 0 0 101 0 0 0 0 0
46 69 1 1 0 0 0 0 0 0
47 69 0 0 0 0 0 0 0 0
48 69 0 0 0 0 0 0 0 0
50 69 0 0 69 0 0 0 0 0
fl=/build/glibc-bQZRxl/glibc-2.23/string/../sysdeps/i386/i686/multiarch/memrchr.S
fn=memrchr
29 1 0 0 1 0 0 0 0 0
30 1 0 0 0 0 0 0 0 0
31 1 1 1 1 0 0 0 0 0
32 1 0 0 0 0 0 0 0 0
40 1 0 0 0 0 0 0 0 0
41 1 0 0 1 0 0 0 0 0
fl=/build/glibc-bQZRxl/glibc-2.23/string/../sysdeps/i386/i686/multiarch/strcpy-sse2.S
fn=???
314 2 0 0 2 0 0 0 0 0
fl=/build/glibc-bQZRxl/glibc-2.23/string/../sysdeps/i386/i686/multiarch/strncase.S
fn=strncasecmp
27 1 0 0 0 0 0 0 0 0
28 1 0 0 1 1 0 0 0 0
29 1 0 0 0 0 0 0 0 0
30 1 0 0 0 0 0 0 0 0
31 1 0 0 1 0 0 0 0 0
32 1 0 0 0 0 0 0 0 0
36 1 1 1 1 0 0 0 0 0
fl=/build/glibc-bQZRxl/glibc-2.23/string/../sysdeps/x86_64/cacheinfo.c
fn=handle_intel
261 21 0 0 0 0 0 12 0 0
262 6 1 1 0 0 0 0 0 0
273 12 0 0 0 0 0 6 0 0
275 3 0 0 0 0 0 3 0 0
276 3 0 0 0 0 0 3 0 0
278 6 1 1 1 0 0 0 0 0
284 15 1 1 0 0 0 6 0 0
289 6 0 0 0 0 0 0 0 0
291 9 1 1 0 0 0 3 0 0
292 3 0 0 0 0 0 0 0 0
296 15 0 0 3 0 0 6 0 0
297 9 1 1 0 0 0 0 0 0
300 18 0 0 3 0 0 6 0 0
301 9 0 0 0 0 0 0 0 0
304 21 0 0 6 0 0 6 0 0
305 9 0 0 0 0 0 0 0 0
308 18 0 0 3 0 0 6 0 0
309 9 0 0 0 0 0 0 0 0
313 3 0 0 0 0 0 0 0 0
314 2 0 0 1 0 0 0 0 0
317 1 0 0 0 0 0 0 0 0
318 18 1 1 15 0 0 0 0 0
fn=init_cacheinfo
482 7 1 1 0 0 0 5 0 0
494 5 1 1 2 0 0 1 0 0
496 8 0 0 2 0 0 2 0 0
499 1 1 1 0 0 0 1 0 0
500 4 0 0 0 0 0 1 0 0
502 2 0 0 0 0 0 0 0 0
505 1 1 1 0 0 0 1 0 0
506 5 1 1 1 0 0 1 0 0
511 2 0 0 1 0 0 0 0 0
513 3 0 0 2 0 0 1 0 0
514 3 0 0 1 0 0 1 0 0
516 1 0 0 0 0 0 0 0 0
521 15 1 1 1 0 0 2 0 0
527 6 0 0 0 0 0 0 0 0
530 15 0 0 0 0 0 0 0 0
532 3 1 1 2 0 0 0 0 0
538 5 1 1 1 0 0 1 0 0
564 3 1 1 1 0 0 0 0 0
565 8 0 0 2 0 0 0 0 0
596 4 0 0 0 0 0 0 0 0
597 4 0 0 0 0 0 0 0 0
652 2 1 1 0 0 0 0 0 0
654 3 0 0 0 0 0 1 0 0
655 1 0 0 0 0 0 1 1 1
657 2 0 0 0 0 0 0 0 0
658 3 0 0 0 0 0 1 0 0
659 1 0 0 0 0 0 1 0 0
662 2 0 0 0 0 0 0 0 0
664 3 0 0 0 0 0 1 0 0
665 1 0 0 0 0 0 1 0 0
667 1 0 0 0 0 0 0 0 0
668 3 0 0 0 0 0 1 0 0
669 1 1 1 0 0 0 1 0 0
671 6 0 0 5 0 0 0 0 0
fn=intel_check_word
121 467 1 1 196 9 9 0 0 0
124 189 0 0 0 0 0 0 0 0
132 108 1 1 0 0 0 84 0 0
133 36 0 0 0 0 0 12 0 0
135 10 0 0 0 0 0 0 0 0
139 120 1 1 12 0 0 12 0 0
141 80 0 0 0 0 0 0 0 0
143 60 0 0 0 0 0 0 0 0
145 60 0 0 0 0 0 0 0 0
153 60 0 0 0 0 0 0 0 0
204 66 0 0 3 0 0 0 0 0
209 27 0 0 18 0 0 0 0 0
212 66 1 1 19 0 0 10 0 0
226 30 1 1 0 0 0 0 0 0
231 28 0 0 14 0 0 0 0 0
233 4 2 2 2 0 0 0 0 0
235 4 0 0 2 0 0 0 0 0
237 2 0 0 2 0 0 0 0 0
245 10 0 0 0 0 0 0 0 0
246 6 1 1 2 0 0 2 0 0
251 28 0 0 0 0 0 0 0 0
256 72 0 0 60 0 0 0 0 0
fl=/build/glibc-bQZRxl/glibc-2.23/string/strdup.c
fn=strdup
40 18 0 0 3 0 0 12 0 0
41 12 0 0 0 0 0 6 1 1
42 6 0 0 0 0 0 6 0 0
44 9 0 0 0 0 0 0 0 0
47 18 0 0 0 0 0 12 0 0
48 12 0 0 12 0 0 0 0 0
fl=/build/glibc-bQZRxl/glibc-2.23/wcsmbs/../sysdeps/i386/i686/multiarch/wcslen.S
fn=wcslen
29 1 0 0 0 0 0 0 0 0
30 1 0 0 1 0 0 0 0 0
31 1 0 0 0 0 0 0 0 0
32 1 0 0 0 0 0 0 0 0
33 1 0 0 1 0 0 0 0 0
fl=???
fn=???
0 634 17 14 512 4 3 42 1 1
fn=__libc_csu_init
0 32 2 2 9 0 0 10 0 0
fn=__x86.get_pc_thunk.bx
0 6 0 0 6 0 0 0 0 0
fn=_dl_debug_initialize
0 1 0 0 0 0 0 0 0 0
fn=_dl_sysinfo_int80
0 1 0 0 0 0 0 0 0 0
fn=main
0 6711459920 2 2 2684600353 0 0 671170572 671088640 671088640
fn=memrchr
0 3 1 1 1 0 0 1 0 0
fn=strncasecmp
0 3 1 1 1 0 0 1 0 0
fn=wcslen
0 3 1 1 1 0 0 1 0 0
summary: 6711566185 716 711 2684633755 928 894 671184935 671088794 671088793
